-999
-999
-999
-999
-999
-999
-999
-999
-999
-999
-999
-999
-999
-999
-999
-999
-999
-999
-999
-999
-999
-999
-999
-999
-999
-999
-999
-999
-999
-999
-999
-999
-999
-999
-999
-999
-999
-999
-999
-999
-999
-999
-999
-999
-999
-999
-999
-999
-999
-999
-999
-999
-999
-999
-999
-999
-999
-999
-999
-999
-999
-999
-999
-999
-999
-999
-999
-999
-999
-999
-999
-999
-999
-999
-999
-999
-999
-999
-999
-999
-999
-999
-999
-999
-999
-999
-999
-999
-999
-999
-999
-999
-999
-999
-999
-999
-999
-999
-999
-999
-999
-999
-999
-999
-999
-999
-999
-999
-999
-999
-999
-999
-999
-999
-999
-999
-999
-999
-999
-999
-999
-999
-999
-999
-999
-999
-999
-999
-999
-999
-999
-999
-999
-999
-999
-999
-999
-999
-999
-999
-999
-999
-999
-999
-999
-999
-999
-999
-999
-999
-999
-999
-999
-999
-999
-999
-999
-999
-999
-999
-999
-999
-999
-999
-999
-999
-999
-999
-999
-999
-999
-999
-999
-999
-999
-999
-999
-999
-999
-999
-999
-999
-999
-999
-999
-999
-999
-999
-999
-999
-999
-999
-999
-999
-999
-999
-999
24.2068938393462
-999
-999
-999
26.2523947704848
-999
25.0763243310168
25.1839408531564
25.3349129823553
25.2018364750138
24.8864236311956
24.670730541658
25.1269240646292
25.6245238565156
25.4609361042367
25.1178095687871
24.7658376895556
24.6359765807
24.6204032020425
24.6530605497333
24.6305119308505
24.6460293755814
24.5750456613168
24.6020599241413
24.9598164173193
24.6692026341627
24.7429830081074
24.5350581713057
24.5182054746797
24.4931639668349
24.5220534970184
24.5410311404979
24.718673303379
24.6616111121369
24.5996174724374
24.576760922986
24.6650882631144
24.9073293478337
24.8840946517252
24.7911688664146
24.7596963676051
24.7082939119718
24.6955725530839
24.8164518130422
-999
-999
-999
-999
-999
-999
-999
-999
-999
-999
-999
-999
-999
-999
-999
-999
-999
-999
-999
-999
-999
-999
-999
-999
-999
-999
-999
-999
-999
-999
-999
-999
-999
-999
-999
-999
-999
-999
-999
-999
-999
-999
-999
-999
-999
-999
-999
-999
-999
-999
-999
-999
-999
-999
-999
-999
-999
-999
-999
-999
-999
-999
-999
-999
-999
-999
-999
-999
-999
-999
-999
-999
-999
-999
-999
-999
23.4457324361373
23.9469768257265
24.9048845919616
24.1716038699703
-999
-999
-999
26.1920336189678
25.9397905765235
25.0535136825911
25.1058091055622
24.8958064729555
24.6600702220479
24.6295978005019
24.6202466754931
24.7785627303183
24.8019511500919
24.6104139216301
24.5840993253213
24.587763167781
24.6344905444182
24.6160169898227
24.6415647690168
24.5867381478689
24.5754769398518
24.8189114211262
24.6138617618491
24.6825006385717
24.4437873130495
24.3949461162084
24.4314682119512
24.5318010471171
24.667385242442
24.8113760368967
24.6624610489249
24.6081928100105
24.5773297999229
24.7149599823763
24.9197928213453
24.8881303112215
24.819489454127
24.7855355281538
24.7410911525858
24.6672088928864
24.7633795546714
-999
-999
-999
-999
-999
-999
-999
-999
-999
-999
-999
-999
-999
-999
-999
-999
-999
-999
-999
-999
-999
-999
-999
-999
-999
-999
-999
-999
-999
-999
-999
-999
-999
-999
-999
-999
-999
-999
-999
-999
-999
-999
-999
-999
-999
-999
-999
-999
-999
-999
-999
-999
-999
-999
-999
-999
-999
-999
-999
-999
-999
-999
-999
-999
-999
-999
-999
-999
-999
-999
-999
-999
-999
-999
-999
-999
-999
24.3468794101299
25.0878251027757
24.7392006907868
24.0267848309095
24.3130110676791
25.3697565145346
26.1267122095252
26.1705129787927
25.836164664356
25.4891349586182
24.9558632061165
24.8321256186571
24.5354897384253
24.5360606263109
24.5655894767037
24.5593036221772
24.5851483439326
24.5668143836063
24.5788919573487
24.6197389491385
24.6222712860443
24.6026218516319
24.5699553748638
24.5343721409818
24.6932666272148
24.5939420223382
24.6065567417792
24.5650807535845
24.4661444401756
24.4900658965793
24.5488758726224
24.6636508832773
24.7856153481498
24.6229131417913
24.6232097067744
24.5640050448069
24.7428304155674
24.8948012958611
24.8220472158106
24.8173740035338
24.8171393967092
24.8068146012881
24.7214320419758
24.7684072484065
-999
-999
-999
-999
-999
-999
-999
-999
-999
-999
-999
-999
-999
-999
-999
-999
-999
-999
-999
-999
-999
-999
-999
-999
-999
-999
-999
-999
-999
-999
-999
-999
-999
-999
-999
-999
-999
-999
-999
-999
-999
-999
-999
-999
-999
-999
-999
-999
-999
-999
-999
-999
-999
-999
-999
-999
-999
-999
-999
-999
-999
-999
-999
-999
-999
-999
-999
-999
-999
-999
-999
-999
-999
-999
-999
-999
-999
24.2994944762584
24.8591998546357
24.5139056892163
24.0321967842539
24.1742902628826
24.3284220640576
25.6433096528306
25.8434194217705
25.9911964807144
25.5861125464829
25.3503399850979
25.046498113625
24.5358214417783
24.5160750376836
24.5266126804042
24.5425198700784
24.583486383706
24.531165209681
24.5623138827375
24.5891262066009
24.6603949858419
24.5870574609262
24.5600635124271
24.49499328768
24.5792299185944
24.5925564306716
24.4981235519806
24.5280670330514
24.4282355152387
24.4647051781178
24.4832366054753
24.5988410215986
24.7833256970339
24.6052461473277
24.6316309705903
24.5792873658368
24.7468615513967
24.8682960822403
24.8396796186744
24.8414283805902
24.8597239617458
24.8264960188721
24.7811304583795
24.7392866530208
-999
-999
-999
-999
-999
-999
-999
-999
-999
-999
-999
-999
-999
-999
-999
-999
-999
-999
-999
-999
-999
-999
-999
-999
-999
-999
-999
-999
-999
-999
-999
-999
-999
-999
-999
-999
-999
-999
-999
-999
-999
-999
-999
-999
-999
-999
-999
-999
-999
-999
-999
-999
-999
-999
-999
-999
-999
-999
-999
-999
-999
-999
-999
-999
-999
-999
-999
-999
-999
-999
-999
-999
-999
-999
-999
-999
-999
24.7978548002812
24.8010297483771
24.6921040595084
24.3150855481952
24.6993863158519
23.6394640846283
23.749533142332
25.0058644544167
25.5256811258583
25.0198118410328
24.9772521509792
25.1912461264941
24.6742777470061
24.527178998587
24.5287886386099
24.53011164981
24.5604589573753
24.5080093484871
24.5838862030247
24.5558790347537
24.5915233286938
24.5346335807443
24.5196759613187
24.4504692834696
24.4675497936796
24.6616038254476
24.5087851050888
24.472765170099
24.3681127793468
24.3992139828475
24.4194494631408
24.5167521463294
24.7800032347449
24.615936441081
24.5948922322279
24.6001240900329
24.7485301295519
24.831148731586
24.8379601205825
24.8270832608035
24.8312416049231
24.7627000038735
24.7272717664599
24.7003758847573
-999
-999
-999
-999
-999
-999
-999
-999
-999
-999
-999
-999
-999
-999
-999
-999
-999
-999
-999
-999
-999
-999
-999
-999
-999
-999
-999
-999
-999
-999
-999
-999
-999
-999
-999
-999
-999
-999
-999
-999
-999
-999
-999
-999
-999
-999
-999
-999
-999
-999
-999
-999
-999
-999
-999
-999
-999
-999
-999
-999
-999
-999
-999
-999
-999
-999
-999
-999
-999
-999
-999
-999
-999
-999
-999
-999
-999
-999
-999
24.2312251667715
24.8403800578236
24.4641127833001
23.5693316646818
23.5593733834476
24.26151768001
24.8384353542511
24.8919954284773
25.3536589219503
25.4341623412044
25.3686565923504
25.2659342034074
24.4976276974318
24.4972926964129
24.5521534507852
24.5494451769828
24.5956725655731
24.4878576063139
24.5895417663401
24.543568264803
24.5021969437413
24.3928220453083
24.4040778487485
24.5373498449224
24.4050714726764
24.4125922491894
24.3605722106284
24.383936856157
24.4439180962964
24.4963860638631
24.640587507052
24.6575322953527
24.5666246846589
24.6144092174642
24.6911219222002
24.7243470077286
24.7908077806107
24.7846021633319
24.7795819662357
24.7138136427235
24.6843580455459
24.687792996333
-999
-999
-999
-999
-999
-999
-999
-999
-999
-999
-999
-999
-999
-999
-999
-999
-999
-999
-999
-999
-999
-999
-999
-999
-999
-999
-999
-999
-999
-999
-999
-999
-999
-999
-999
-999
-999
-999
-999
-999
-999
-999
-999
-999
-999
-999
-999
-999
-999
-999
-999
-999
-999
-999
-999
-999
-999
-999
-999
-999
-999
-999
-999
-999
-999
-999
-999
-999
-999
-999
-999
-999
-999
-999
-999
-999
-999
-999
-999
-999
-999
-999
23.6236740865313
23.5701634228501
23.9586917293336
23.6369245382369
24.1193080697883
24.8517655103796
24.9901092985267
25.4248515578661
25.5871405787028
24.9483815379476
24.5894122893156
24.5579066903627
24.5226659624745
24.5264439967838
24.4626951491401
24.485764824895
24.4468419393108
24.5831327108658
24.7098342650763
24.3906577280071
24.4005497174611
24.5047471106936
24.4831377033189
24.4499652065684
24.3860870642548
24.408961024139
24.4446709971494
24.5254254233289
24.6994360146197
24.5545240402345
24.6058071927527
24.6508349957584
24.6575735527934
24.728707938233
24.7463331314977
24.7612384115826
24.6815357926062
24.6482912276007
24.6464163875004
-999
-999
-999
-999
-999
-999
-999
-999
-999
-999
-999
-999
-999
-999
-999
-999
-999
-999
-999
-999
-999
-999
-999
-999
-999
-999
-999
-999
-999
-999
-999
-999
-999
-999
-999
-999
-999
-999
-999
-999
-999
-999
-999
-999
-999
-999
-999
-999
-999
-999
-999
-999
-999
-999
-999
-999
-999
-999
-999
-999
-999
-999
-999
-999
-999
-999
-999
-999
-999
-999
-999
-999
-999
-999
-999
-999
-999
-999
-999
-999
-999
-999
23.8133428818026
24.745539995092
24.0518665893355
23.8774660511698
23.9400700799817
24.1396791653389
23.9553588214882
24.7635999323643
25.3193089003069
25.3157235729707
25.1149110750352
24.795928964342
24.5913040963152
24.5076078465252
24.4584943693803
24.4094365572807
24.2949468890279
24.4037892942922
24.3626733268976
24.3213350003992
24.3770848468632
24.6004176071683
24.3758988162353
24.3734906874247
24.3593297065944
24.369485394552
24.4468986143226
24.4650024642352
24.721870838333
24.5831873493046
24.604867220367
24.6257362885164
24.6347264285362
24.6907933441797
24.6508317787748
24.6631759531277
24.6286366237098
24.6132404811795
24.6111447832233
-999
-999
-999
-999
-999
-999
-999
-999
-999
-999
-999
-999
-999
-999
-999
-999
-999
-999
-999
-999
-999
-999
-999
-999
-999
-999
-999
-999
-999
-999
-999
-999
-999
-999
-999
-999
-999
-999
-999
-999
-999
-999
-999
-999
-999
-999
-999
-999
-999
-999
-999
-999
-999
-999
-999
-999
-999
-999
-999
-999
-999
-999
-999
-999
-999
-999
-999
-999
-999
-999
-999
-999
-999
-999
-999
-999
-999
-999
-999
-999
-999
-999
23.7612469053884
-999
-999
-999
23.9255251332944
24.3331876498953
24.2640381964547
23.902770463437
24.6857211249672
24.9073816031281
24.7245367394872
24.6867371967856
24.6198226080241
24.4307942321929
24.4102397844359
24.4681697957434
24.3616766919637
24.2395307224211
24.42127106945
24.1969803073372
24.2633912918707
24.6541248742345
24.4037091444259
24.4070615153925
24.4182606715233
24.4326412839172
24.5177398124455
24.5584051573376
24.805783235862
24.6537680048462
24.6318228688466
24.658678717558
24.6812072197106
24.7465812715417
24.7672217906652
24.7127048330896
24.6364296671022
24.5917625932908
24.5850714572773
-999
-999
-999
-999
-999
-999
-999
-999
-999
-999
-999
-999
-999
-999
-999
-999
-999
-999
-999
-999
-999
-999
-999
-999
-999
-999
-999
-999
-999
-999
-999
-999
-999
-999
-999
-999
-999
-999
-999
-999
-999
-999
-999
-999
-999
-999
-999
-999
-999
-999
-999
-999
-999
-999
-999
-999
-999
-999
-999
-999
-999
-999
-999
-999
-999
-999
-999
-999
-999
-999
-999
-999
-999
-999
-999
-999
-999
-999
-999
-999
-999
-999
25.2283713953931
-999
24.7006989976116
-999
24.4638828562623
24.5452823350217
23.8971319847366
23.6828938326913
24.2088759876435
25.4739876309751
24.629141804379
24.4431084852981
24.7902791510726
24.5617727962605
24.4612697117042
24.3859179329555
24.3049691959291
24.2884774289368
24.216252825382
24.3993330517694
24.4449364003564
24.7189780492352
24.4997815820917
24.4204381023848
24.4592149622062
24.4398096364679
24.4776098632001
24.5525358980227
24.8842191976117
24.7012996374552
24.6507472498296
24.6501744632241
24.7140136867769
24.7316376011385
24.762734200684
24.6708412697815
24.6583799157461
24.612021394141
24.6249781407527
-999
-999
-999
-999
-999
-999
-999
-999
-999
-999
-999
-999
-999
-999
-999
-999
-999
-999
-999
-999
-999
-999
-999
-999
-999
-999
-999
-999
-999
-999
-999
-999
-999
-999
-999
-999
-999
-999
-999
-999
-999
-999
-999
-999
-999
-999
-999
-999
-999
-999
-999
-999
-999
-999
-999
-999
-999
-999
-999
-999
-999
-999
-999
-999
-999
-999
-999
-999
-999
-999
-999
-999
-999
-999
-999
-999
-999
-999
26.0459611000111
-999
-999
-999
-999
-999
-999
-999
-999
24.7009922100447
24.8223341114535
24.925339043225
24.5540154035314
24.8843470041448
24.5266980436185
24.8386618877451
25.1040067559107
24.4492266381375
24.3123829854606
24.4470824230497
24.2835993345378
24.2508571946282
24.3073990264379
24.81787631083
24.718426383627
24.5580981656499
24.3493070060521
24.423808357801
24.3917661392603
24.4253421194617
24.4345854352731
24.5855269049799
24.8835362626845
24.6976311298943
24.6369592714892
24.6141098447594
24.6893913745151
24.6706732998858
24.715395303237
24.6521478731005
24.7080889322085
24.6734297175213
24.6867566530392
-999
-999
-999
-999
-999
-999
-999
-999
-999
-999
-999
-999
-999
-999
-999
-999
-999
-999
-999
-999
-999
-999
-999
-999
-999
-999
-999
-999
-999
-999
-999
-999
-999
-999
-999
-999
-999
-999
-999
-999
-999
-999
-999
-999
-999
-999
-999
-999
-999
-999
-999
-999
-999
-999
-999
-999
-999
-999
-999
-999
-999
-999
-999
-999
-999
-999
-999
-999
-999
-999
-999
-999
-999
-999
-999
-999
-999
-999
26.3359610070705
-999
-999
-999
-999
-999
-999
-999
-999
24.3938695475467
25.0704558047538
25.9913910108878
24.6241871361505
24.3931744352152
24.195986743245
24.389932516671
24.7232793403932
24.2813101148129
24.2333695535069
24.4140912802029
24.2878939669373
24.3136530037954
24.3134775589199
24.6167450808902
24.5725299077982
24.4116400890139
24.4106325538671
24.469022882772
24.4032288741539
24.4039916286479
24.4265244723094
24.7604181581436
24.9012254131973
24.6787307687121
24.6004574797569
24.582878796876
24.6687556431004
24.641751073021
24.6654834502147
24.6394552592848
24.686543335707
24.6821933326252
24.7072059284964
-999
-999
-999
-999
-999
-999
-999
-999
-999
-999
-999
-999
-999
-999
-999
-999
-999
-999
-999
-999
-999
-999
-999
-999
-999
-999
-999
-999
-999
-999
-999
-999
-999
-999
-999
-999
-999
-999
-999
-999
-999
-999
-999
-999
-999
-999
-999
-999
-999
-999
-999
-999
-999
-999
-999
-999
-999
-999
-999
-999
-999
-999
-999
-999
-999
-999
-999
-999
-999
-999
-999
-999
-999
-999
-999
-999
-999
-999
25.9260005830182
26.5743550762086
25.3510584068482
24.5559364295453
-999
-999
-999
-999
-999
25.2387894851097
24.6783077317645
24.9890586075045
24.8804555994047
24.6771764760592
24.1014460402019
24.462521790144
24.7156748155223
24.3800621578122
24.2575309875076
24.3049180385973
24.1755531661401
24.1808371913493
24.494294519291
24.5252940871395
24.361445513536
24.3636892605607
24.4250965289472
24.5107516002724
24.4534959458615
24.4184129715152
24.5326543626696
24.9585873474768
24.9069149096598
24.6682217174025
24.5909208016777
24.5990391375076
24.6489996463815
24.5992955260524
24.6256507115931
24.6265522649694
24.6413346521226
24.5992274436676
24.7046193956885
-999
-999
-999
-999
-999
-999
-999
-999
-999
-999
-999
-999
-999
-999
-999
-999
-999
-999
-999
-999
-999
-999
-999
-999
-999
-999
-999
-999
-999
-999
-999
-999
-999
-999
-999
-999
-999
-999
-999
-999
-999
-999
-999
-999
-999
-999
-999
-999
-999
-999
-999
-999
-999
-999
-999
-999
-999
-999
-999
-999
-999
-999
-999
-999
-999
-999
22.7295784754406
-999
-999
-999
-999
-999
-999
-999
-999
-999
-999
24.4038486848095
24.5071893169619
26.6828047693171
25.4383807098343
25.4028214444656
-999
-999
-999
-999
-999
25.6508541994006
25.1633988643486
24.5070997756145
24.1385965005957
24.5153041119046
24.3353238710245
24.235090114257
24.4549333096495
24.3565898862852
24.3583315112609
24.2991257475468
24.3685339141595
24.3088047573002
24.512271281646
24.4134365239348
24.4124161482424
24.4359838203312
24.4679029329053
24.4502293076147
24.5334369990996
24.6733122334506
24.9567664940546
25.1216564991001
24.8665133499029
24.6724192689467
24.586260474313
24.5919684130236
24.6063621223601
24.6077307782402
24.6048708357038
24.557410955511
24.6227546800586
24.62479021233
24.669906070266
-999
-999
-999
-999
-999
-999
-999
-999
-999
-999
-999
-999
-999
-999
-999
-999
-999
-999
-999
-999
-999
-999
-999
-999
-999
-999
-999
-999
-999
-999
-999
-999
-999
-999
-999
-999
-999
-999
-999
-999
-999
-999
-999
-999
-999
-999
-999
-999
-999
-999
-999
-999
-999
-999
-999
-999
-999
-999
-999
-999
-999
-999
-999
-999
-999
-999
-999
-999
-999
-999
-999
-999
-999
-999
-999
-999
-999
24.2016754724207
23.8103516599527
25.9978763466341
24.7489580415859
24.6123946133176
24.2802267489244
24.2753904270044
-999
-999
-999
25.9187462085156
25.2940666662713
24.6435745254671
24.4145644950664
23.5655768657574
24.6723387927763
25.2164898354327
25.0759941518736
24.5678180999925
24.8121110692861
24.3384634910228
24.2312279401791
24.1405182449875
24.276298515854
24.5775476193281
24.5978802367604
24.5301144854568
24.6900399183586
24.7478743383438
25.0584208417548
25.2884380987947
25.3340021965637
25.1556695071222
24.8570692005876
24.8096252167867
24.7468699477507
24.7628413817482
24.6685178892161
24.6714678169489
24.6303285369036
24.6124191666098
24.5890796858851
24.5861184695078
24.6726784915063
-999
-999
-999
-999
-999
-999
-999
-999
-999
-999
-999
-999
-999
-999
-999
-999
-999
-999
-999
-999
-999
-999
-999
-999
-999
-999
-999
-999
-999
-999
-999
-999
-999
-999
-999
-999
-999
-999
-999
-999
-999
-999
-999
-999
-999
-999
-999
-999
-999
-999
-999
-999
-999
-999
-999
-999
-999
-999
-999
-999
-999
-999
-999
-999
-999
-999
-999
-999
-999
-999
-999
-999
-999
-999
-999
-999
-999
-999
-999
25.476080240124
25.0746067828456
24.3748156952344
24.5445064334793
24.3558644630256
24.2311050947212
25.1194738612972
25.7724211571697
25.6871163413417
24.7035865015764
23.5924440592562
23.4614248034422
23.8851083366161
24.3382276661962
24.977568009259
24.7452829523182
25.1699756431699
25.6340415033897
24.6477008925099
24.2713995399482
24.1848033084704
24.1339485104116
24.1021999470885
24.4665163915372
24.6472588038032
24.9256245113517
25.003421399629
25.1540250195397
25.2558146581999
25.0895942197692
24.9322058802932
24.7803329430303
24.7974851162072
24.8191047152918
24.9058965314984
24.8182031305575
24.7346305590078
24.6712679815052
24.759512371077
24.8603287119897
24.8160295654296
24.6903913298461
-999
-999
-999
-999
-999
-999
-999
-999
-999
-999
-999
-999
-999
-999
-999
-999
-999
-999
-999
-999
-999
-999
-999
-999
-999
-999
-999
-999
-999
-999
-999
-999
-999
-999
-999
-999
-999
-999
-999
-999
-999
-999
-999
-999
-999
-999
-999
-999
-999
-999
-999
-999
-999
-999
-999
-999
-999
-999
-999
-999
-999
-999
-999
-999
-999
-999
-999
-999
-999
-999
-999
-999
-999
-999
-999
-999
-999
-999
-999
-999
-999
-999
-999
24.2816393613733
25.1020419751738
25.0555849132481
24.172231946238
24.4892363140149
24.5516834284962
24.2970130624035
23.5665463016381
23.6551768458511
-999
-999
-999
-999
-999
-999
-999
24.0860995286845
24.1274237861504
24.7977916656425
25.2398790525499
25.3603306749484
25.2608943419566
25.0751960329072
24.8868883520535
24.9031128119844
24.77451957873
24.7052588527008
24.6876200408703
24.7259767175589
24.6796196620383
24.6965642760269
24.6861554249219
24.6811625960074
24.6466278584528
24.706710953099
24.7917730894948
24.7417379638031
24.6748614491036
-999
-999
-999
-999
-999
-999
-999
-999
-999
-999
-999
-999
-999
-999
-999
-999
-999
-999
-999
-999
-999
-999
-999
-999
-999
-999
-999
-999
-999
-999
-999
-999
-999
-999
-999
-999
-999
-999
-999
-999
-999
-999
-999
-999
-999
-999
-999
-999
-999
-999
-999
-999
-999
-999
-999
-999
-999
-999
-999
-999
-999
-999
-999
-999
-999
-999
-999
-999
-999
-999
-999
-999
-999
-999
-999
-999
-999
-999
-999
-999
-999
-999
-999
24.8813339943285
25.1461381019401
24.9664888020195
24.6965343336544
24.7619054126039
23.8631460299098
24.3343284757056
24.6260744209286
23.891523733257
-999
-999
-999
-999
-999
-999
-999
24.3019045167667
24.5412991769192
25.1803030413652
25.5843713897327
25.3145967961883
25.1564117377418
24.8552316104395
24.797392373137
24.7325354114233
24.7030473433518
24.6791310771316
24.7092311508211
24.7200401142767
24.71283607959
24.6793055884578
24.6412857331962
24.6393900236095
24.6217753646726
24.6712093150157
24.7307339644118
24.6635713681808
24.6690694475573
-999
-999
-999
-999
-999
-999
-999
-999
-999
-999
-999
-999
-999
-999
-999
-999
-999
-999
-999
-999
-999
-999
-999
-999
-999
-999
-999
-999
-999
-999
-999
-999
-999
-999
-999
-999
-999
-999
-999
-999
-999
-999
-999
-999
-999
-999
-999
-999
-999
-999
-999
-999
-999
-999
-999
-999
-999
-999
-999
-999
-999
-999
-999
-999
-999
-999
-999
-999
-999
-999
23.7657776362425
23.5124337638816
23.5913029172794
-999
-999
-999
-999
-999
-999
-999
-999
-999
-999
24.8745383785412
24.4576417083563
24.8843992869591
24.3323142831429
24.1434323083312
23.9966559749354
24.3489893966421
24.3733819761815
24.3689131186046
-999
-999
-999
-999
-999
-999
-999
24.9986704056792
25.3305991576176
25.0574219593455
25.0017135798001
24.5940372046751
24.6762669318596
24.6739436146618
24.6932847518295
24.7403129507512
24.6871088179511
24.6920900369597
24.9717099364343
24.9453282795909
25.0069046966423
24.9596445848527
24.9249221163903
24.7733123295858
24.6866685737007
24.6500983835327
24.7093860167282
24.6616874875957
24.7215489148159
-999
-999
-999
-999
-999
-999
-999
-999
-999
-999
-999
-999
-999
-999
-999
-999
-999
-999
-999
-999
-999
-999
-999
-999
-999
-999
-999
-999
-999
-999
-999
-999
-999
-999
-999
-999
-999
-999
-999
-999
-999
-999
-999
-999
-999
-999
-999
-999
-999
-999
-999
-999
-999
-999
-999
-999
-999
-999
-999
-999
-999
-999
-999
-999
-999
-999
-999
-999
-999
-999
-999
-999
-999
-999
-999
-999
-999
-999
-999
-999
-999
-999
-999
-999
-999
-999
25.8227131022256
25.6257225676764
24.730656325635
-999
-999
-999
-999
-999
-999
-999
24.3973182139833
25.6729207280906
25.8593711317705
25.8458690721197
25.7753274883913
24.895948916697
24.5759787882771
24.5538613970234
24.7223025629524
24.7120794089197
24.6359314399409
24.6358135732966
24.7051245112866
24.9163526343985
24.9854287365449
24.8874789946247
24.8411748091227
24.9000127857299
24.9810510400941
25.0390601477357
24.9764535393024
24.8885509658912
24.7585930281356
24.7799139550703
24.8515941540025
-999
-999
-999
-999
-999
-999
-999
-999
-999
-999
-999
-999
-999
-999
-999
-999
-999
-999
-999
-999
-999
-999
-999
-999
-999
-999
-999
-999
-999
-999
-999
-999
-999
-999
-999
-999
-999
-999
-999
-999
-999
-999
-999
-999
-999
-999
-999
-999
-999
-999
-999
-999
-999
-999
-999
-999
-999
-999
-999
-999
-999
-999
-999
-999
-999
-999
-999
-999
-999
-999
-999
-999
-999
-999
-999
-999
24.010247156342
24.716896621882
-999
-999
-999
-999
-999
-999
-999
-999
25.8533130191067
25.3379858081334
26.0987270160634
-999
24.4615065088131
-999
-999
-999
-999
-999
-999
-999
24.8830873515651
25.9367282837291
25.9810852886217
24.7602635081502
24.5599188860421
24.6298640824343
24.7067399668357
24.6881003623717
24.6329047233895
24.8220386956431
25.0193660788621
25.0647939677504
24.9371225337022
24.8345429476677
24.8201723172691
24.7941299016888
24.8475671850568
24.8713394465706
24.9983034971572
24.9791879137846
24.9248593969096
25.1102316682106
25.2183965202795
-999
-999
-999
-999
-999
-999
-999
-999
-999
-999
-999
-999
-999
-999
-999
-999
-999
-999
-999
-999
-999
-999
-999
-999
-999
-999
-999
-999
-999
-999
-999
-999
-999
-999
-999
-999
-999
-999
-999
-999
-999
-999
-999
-999
-999
-999
-999
-999
-999
-999
-999
-999
-999
-999
-999
-999
-999
-999
-999
-999
-999
-999
-999
-999
-999
-999
-999
-999
-999
-999
-999
-999
-999
-999
25.2474397627576
24.0969498767399
24.8120884975012
25.3840310417457
25.9075004556512
25.3903683499104
-999
-999
-999
-999
-999
-999
-999
-999
24.826830756025
-999
-999
-999
-999
-999
-999
-999
-999
-999
25.7306321614516
25.3851828040217
25.3880026702642
25.0017356369689
24.6974245405748
24.6457373218333
24.6923156014502
24.6691234386744
24.682707992177
24.7597903649658
24.9897077134975
25.066804358912
24.9648969354108
24.8639784599827
24.9080187376871
24.9885397597773
25.1436566550321
25.0396102005121
25.0909261222646
25.0181828261227
25.1707683783852
25.3213341852428
25.2027593132971
-999
-999
-999
-999
-999
-999
-999
-999
-999
-999
-999
-999
-999
-999
-999
-999
-999
-999
-999
-999
-999
-999
-999
-999
-999
-999
-999
-999
-999
-999
-999
-999
-999
-999
-999
-999
-999
-999
-999
-999
-999
-999
-999
-999
-999
-999
-999
-999
-999
-999
-999
-999
-999
-999
-999
-999
-999
-999
-999
-999
-999
-999
-999
-999
-999
-999
-999
-999
-999
-999
-999
-999
-999
-999
-999
-999
-999
-999
-999
25.4658626198953
23.698847290625
24.2032474684603
-999
-999
-999
-999
-999
-999
24.7434565528761
25.3583981228977
25.0607735587916
-999
-999
-999
-999
-999
-999
-999
24.8236606734959
25.189465517432
24.814177933081
25.0130092900078
24.7249960075198
24.6588980075939
24.7025251033741
24.6826061998997
24.6749507341013
24.7039773420899
24.8360233196019
24.8998171476828
24.8552919310545
24.8453646758728
24.9383358429852
25.1662736294582
25.1663672334301
25.1210008842371
24.9803186648798
24.9675311897163
24.9498066762473
24.961259118271
24.874134484384
-999
-999
-999
-999
-999
-999
-999
-999
-999
-999
-999
-999
-999
-999
-999
-999
-999
-999
-999
-999
-999
-999
-999
-999
-999
-999
-999
-999
-999
-999
-999
-999
-999
-999
-999
-999
-999
-999
-999
-999
-999
-999
-999
-999
-999
-999
-999
-999
-999
-999
-999
-999
-999
-999
-999
-999
-999
-999
-999
-999
-999
-999
-999
-999
-999
-999
-999
-999
-999
-999
-999
-999
-999
-999
-999
-999
-999
-999
-999
-999
-999
-999
-999
-999
-999
-999
-999
-999
24.5617658892571
25.1366220636428
-999
-999
-999
-999
-999
-999
-999
24.4430270623549
24.6175243839619
24.986210500494
25.3360004707246
24.8505510715275
24.5498210125793
24.8656772440799
24.8251295908616
24.6226760393001
24.5957004060362
24.6314211446835
24.8940971602352
25.0230410889261
24.8532515223851
24.8464584923852
24.9535283810887
25.0268803273933
24.9398790922972
24.9012933027707
24.8919496527892
24.8661753469239
24.8873684672702
24.8977311609051
24.8623234097181
-999
-999
-999
-999
-999
-999
-999
-999
-999
-999
-999
-999
-999
-999
-999
-999
-999
-999
-999
-999
-999
-999
-999
-999
-999
-999
-999
-999
-999
-999
-999
-999
-999
-999
-999
-999
-999
-999
-999
-999
-999
-999
-999
-999
-999
-999
-999
-999
-999
-999
-999
-999
-999
-999
-999
-999
-999
-999
-999
-999
-999
-999
-999
-999
-999
-999
-999
-999
-999
-999
-999
-999
-999
-999
-999
-999
-999
-999
-999
-999
-999
-999
-999
-999
-999
-999
-999
-999
24.4883898553195
25.4733011836478
-999
-999
-999
-999
-999
-999
-999
24.0953140094263
24.8903202711991
25.3908633999134
25.8831691307528
25.7493370595431
25.7956430725913
25.1609497102038
24.6550015852552
24.6580444125923
24.5824037755033
24.5757329872467
24.6462093013763
25.0133621365354
24.9275449464406
24.814533910057
24.8720880271677
24.9105212567327
24.9199269389491
24.8888396894886
24.8315440375066
24.8141522040997
24.7955318047216
24.796339442573
24.8546760525528
-999
-999
-999
-999
-999
-999
-999
-999
-999
-999
-999
-999
-999
-999
-999
-999
-999
-999
-999
-999
-999
-999
-999
-999
-999
-999
-999
-999
-999
-999
-999
-999
-999
-999
-999
-999
-999
-999
-999
-999
-999
-999
-999
-999
-999
-999
-999
-999
-999
-999
-999
-999
-999
-999
-999
-999
-999
-999
-999
-999
-999
-999
-999
-999
-999
-999
-999
-999
-999
-999
-999
-999
-999
-999
-999
-999
-999
-999
-999
-999
-999
-999
-999
-999
-999
-999
-999
-999
24.6726808654775
25.2683648857678
-999
-999
-999
-999
-999
-999
-999
24.5715146628319
24.8542434753781
25.351746653464
25.0209679983035
25.364724329639
25.241042906568
25.0024677782011
24.5409880636613
24.6360128125518
24.5881397877681
24.5457934496759
24.5306871343903
25.0558218428913
25.0687990348697
24.809320553589
24.8182333052847
24.83589016724
24.863551086808
24.7821539881578
24.7463435108
24.7598289788468
24.8432119722127
24.8520688903887
24.8879805135059
-999
-999
-999
-999
-999
-999
-999
-999
-999
-999
-999
-999
-999
-999
-999
-999
-999
-999
-999
-999
-999
-999
-999
-999
-999
-999
-999
-999
-999
-999
-999
-999
-999
-999
-999
-999
-999
-999
-999
-999
-999
-999
-999
-999
-999
-999
-999
-999
-999
-999
-999
-999
-999
-999
-999
-999
-999
-999
-999
-999
-999
-999
-999
-999
-999
-999
-999
-999
-999
23.6481745460209
23.5214366698745
-999
-999
-999
-999
-999
-999
-999
-999
-999
-999
-999
-999
-999
-999
-999
-999
-999
24.480389917694
24.6999185044424
-999
-999
-999
-999
-999
-999
-999
24.9536749676449
24.9077119739651
25.237698476
25.2914729690326
25.1939256980304
25.2445732167184
25.1281170548442
24.4623990110845
24.5109627982835
24.6115498280709
24.5409295801918
24.5171588424769
25.0426718783896
25.1459156472163
24.8031392522454
24.802396593677
24.8088129227649
24.7593554730492
24.7472742558155
24.7126183486445
24.8480462690865
24.8695920094025
24.8298387326241
24.8213151902394
-999
-999
-999
-999
-999
-999
-999
-999
-999
-999
-999
-999
-999
-999
-999
-999
-999
-999
-999
-999
-999
-999
-999
-999
-999
-999
-999
-999
-999
-999
-999
-999
-999
-999
-999
-999
-999
-999
-999
-999
-999
-999
-999
-999
-999
-999
-999
-999
-999
-999
-999
-999
-999
-999
-999
-999
-999
-999
-999
-999
-999
-999
-999
-999
-999
-999
-999
-999
-999
-999
24.0530826982767
23.02479290256
23.239671208495
-999
-999
-999
-999
-999
-999
-999
-999
-999
-999
-999
-999
-999
-999
-999
24.4560099582939
24.3582230570597
-999
-999
-999
-999
-999
-999
25.2119260252714
24.9492456778444
24.799084354582
25.2042637377556
24.8594709300469
24.7151915940099
25.1549180971555
25.265972724007
24.4558877793023
24.4890751346461
24.6070862149902
24.5421442542471
24.6181325237732
25.1512431780947
25.1690217218325
24.8348257181987
24.8126420284455
24.871574312985
24.8001442461215
24.8005753889502
24.745352159301
24.8454416198688
24.8110666993793
24.7988544695243
24.7800313852139
-999
-999
-999
-999
-999
-999
-999
-999
-999
-999
-999
-999
-999
-999
-999
-999
-999
-999
-999
-999
-999
-999
-999
-999
-999
-999
-999
-999
-999
-999
-999
-999
-999
-999
-999
-999
-999
-999
-999
-999
-999
-999
-999
-999
-999
-999
-999
-999
-999
-999
-999
-999
-999
-999
-999
-999
-999
-999
-999
-999
-999
-999
-999
-999
-999
-999
-999
-999
-999
-999
-999
23.6226157198818
-999
-999
-999
-999
23.7188809964001
23.8466955358003
23.6219794534914
24.3267803815666
25.4866572223791
-999
-999
-999
-999
-999
-999
25.823588283668
24.3146621172874
24.5342381484125
24.3504538681141
25.0344975708235
25.0939661490491
-999
-999
-999
24.6572524075296
24.2012538616771
24.8756905400536
24.7563098932639
25.1468214719617
24.1418049076233
24.4951034087088
25.4962801633219
24.4992754074306
24.4668394284748
24.59550343216
24.5955351295495
24.7053241593652
25.0558283119569
24.9308323188421
24.7553823871175
24.7486580942623
24.8227980637033
24.7713383093108
24.7950398964365
24.692314528204
24.7817767967749
24.7658828936935
24.757619862567
24.7306883997941
-999
-999
-999
-999
-999
-999
-999
-999
-999
-999
-999
-999
-999
-999
-999
-999
-999
-999
-999
-999
-999
-999
-999
-999
-999
-999
-999
-999
-999
-999
-999
-999
-999
-999
-999
-999
-999
-999
-999
-999
-999
-999
-999
-999
-999
-999
-999
-999
-999
-999
-999
-999
-999
-999
-999
-999
-999
-999
-999
-999
-999
-999
-999
-999
-999
-999
-999
-999
-999
-999
-999
23.8729734834948
-999
-999
-999
-999
-999
-999
23.3278513363926
23.2793810134437
-999
-999
-999
-999
24.4324618706666
25.7509387576896
26.220646625264
-999
-999
-999
24.6648586333981
24.8160360566175
24.4732857224656
24.0197199667767
24.1177391988667
24.4024016667798
24.108500805278
24.4197680755316
24.8969462982067
24.8997647205049
25.0958397623153
24.7138500064893
24.5208436934981
24.6669861060632
24.5105043706769
24.5342829681742
24.529078887075
24.5370038901221
24.807407712062
25.0456462626844
24.8801613099312
24.7687785725787
24.7569032523847
24.8217030687334
24.7622638072631
24.7453176590826
24.6577323468112
24.7291783521064
24.7759680181145
24.7421476422573
24.7002506566315
-999
-999
-999
-999
-999
-999
-999
-999
-999
-999
-999
-999
-999
-999
-999
-999
-999
-999
-999
-999
-999
-999
-999
-999
-999
-999
-999
-999
-999
-999
-999
-999
-999
-999
-999
-999
-999
-999
-999
-999
-999
-999
-999
-999
-999
-999
-999
-999
-999
-999
-999
-999
-999
-999
-999
-999
-999
-999
-999
-999
-999
-999
-999
-999
-999
-999
-999
-999
-999
-999
-999
-999
-999
-999
-999
-999
-999
-999
-999
-999
-999
-999
-999
-999
25.337351516975
25.2888472910474
24.9858761989685
-999
-999
-999
-999
24.370565133176
-999
-999
-999
-999
-999
-999
24.6111098536088
24.1828023663995
23.8810998124204
24.6328103510183
25.2212564155289
24.7074423398423
24.4663417603578
24.4684572576073
24.5759091740597
24.6356393544153
24.990516609532
25.1833175952591
25.104370808332
24.9589055701006
24.8663054431174
24.7824636021414
24.7681942703196
24.7585449440279
24.7223482444226
24.6114071308196
24.6724013714312
24.7551361223563
24.7441445230729
-999
-999
-999
-999
-999
-999
-999
-999
-999
-999
-999
-999
-999
-999
-999
-999
-999
-999
-999
-999
-999
-999
-999
-999
-999
-999
-999
-999
-999
-999
-999
-999
-999
-999
-999
-999
-999
-999
-999
-999
-999
-999
-999
-999
-999
-999
-999
-999
-999
-999
-999
-999
-999
-999
-999
-999
-999
-999
-999
-999
-999
-999
-999
-999
-999
-999
-999
-999
-999
-999
-999
-999
-999
-999
-999
-999
-999
-999
-999
-999
-999
-999
-999
-999
-999
-999
-999
-999
-999
-999
-999
-999
-999
-999
-999
-999
-999
-999
24.0577434358057
24.1511232777675
23.6924917669462
23.9720093429118
25.1314820815011
24.8569374369051
24.5081162962951
24.4918236884989
24.7196608880327
24.7934673784297
25.0786431389683
25.084729039051
24.9665240118892
24.8815201621254
24.8579703349969
24.7587073373361
24.825353982274
24.7785104763698
24.8009446916407
24.6511678118537
24.6299959494736
24.8206898940868
24.8206931754362
-999
-999
-999
-999
-999
-999
-999
-999
-999
-999
-999
-999
-999
-999
-999
-999
-999
-999
-999
-999
-999
-999
-999
-999
-999
-999
-999
-999
-999
-999
-999
-999
-999
-999
-999
-999
-999
-999
-999
-999
-999
-999
-999
-999
-999
-999
-999
-999
-999
-999
-999
-999
-999
-999
-999
-999
-999
-999
-999
-999
-999
-999
-999
-999
-999
-999
-999
-999
-999
-999
-999
-999
-999
-999
-999
-999
-999
-999
-999
-999
-999
-999
-999
-999
-999
-999
-999
-999
-999
-999
-999
-999
-999
-999
-999
-999
-999
-999
-999
24.6847128046043
23.7994315480644
23.7499333985766
24.8589850205439
25.0510039393645
24.5727421820374
24.5906602817686
24.7114943639743
24.8782842778839
25.0122374242108
24.8163646059492
24.8757400064986
24.8197276137803
24.756292986872
24.7656775538788
24.8412858665661
24.7087086009181
24.7505166402372
24.6511771110994
24.6365019227568
24.7460348816335
24.750613473084
-999
-999
-999
-999
-999
-999
-999
-999
-999
-999
-999
-999
-999
-999
-999
-999
-999
-999
-999
-999
-999
-999
-999
-999
-999
-999
-999
-999
-999
-999
-999
-999
-999
-999
-999
-999
-999
-999
-999
-999
-999
-999
-999
-999
-999
-999
-999
-999
-999
-999
-999
-999
-999
-999
-999
-999
-999
-999
-999
-999
-999
-999
-999
-999
-999
-999
-999
-999
-999
-999
-999
-999
-999
-999
-999
-999
22.6137877185659
-999
-999
-999
-999
-999
-999
-999
-999
-999
-999
-999
-999
-999
-999
-999
-999
-999
-999
-999
-999
-999
-999
24.4234664256219
24.505936792742
23.7906772562106
23.9514840548002
24.9058463378278
25.0017697399789
25.2719849590247
25.2357017922448
25.0589757864122
24.8707026335301
24.7161391073851
24.8381877799637
24.923277346457
24.7214365063975
24.7097023887692
24.7858909740796
24.6870539946353
24.6962476797023
24.6062003196551
24.593994704449
24.6563463961424
24.677482284956
-999
-999
-999
-999
-999
-999
-999
-999
-999
-999
-999
-999
-999
-999
-999
-999
-999
-999
-999
-999
-999
-999
-999
-999
-999
-999
-999
-999
-999
-999
-999
-999
-999
-999
-999
-999
-999
-999
-999
-999
-999
-999
-999
-999
-999
-999
-999
-999
-999
-999
-999
-999
-999
-999
-999
-999
-999
-999
-999
-999
-999
-999
-999
-999
-999
-999
-999
-999
-999
-999
-999
-999
-999
-999
-999
22.5927302614136
23.1621272155834
23.1662158356129
-999
-999
-999
-999
-999
-999
-999
-999
-999
-999
-999
-999
-999
-999
-999
25.6000923462894
-999
-999
-999
-999
-999
24.2500839304352
25.2408355268334
23.9411967220138
23.8168290236502
24.7753983355659
25.341755809736
25.5609928342626
25.343237802998
24.806804166726
24.6922935237036
24.6338114667025
24.6191433114799
24.7000583401916
24.7179897526796
24.6896165227711
24.774803410682
24.6913157081197
24.677894970574
24.5992441555755
24.5973387021582
24.6068630979817
24.572369920686
-999
-999
-999
-999
-999
-999
-999
-999
-999
-999
-999
-999
-999
-999
-999
-999
-999
-999
-999
-999
-999
-999
-999
-999
-999
-999
-999
-999
-999
-999
-999
-999
-999
-999
-999
-999
-999
-999
-999
-999
-999
-999
-999
-999
-999
-999
-999
-999
-999
-999
-999
-999
-999
-999
-999
-999
-999
-999
-999
-999
-999
-999
-999
-999
-999
-999
-999
-999
-999
-999
-999
-999
-999
-999
-999
23.6104773241702
22.8353870426889
-999
-999
-999
-999
-999
-999
-999
-999
-999
-999
-999
-999
-999
-999
-999
-999
-999
-999
-999
-999
24.7405886193068
23.9662611215306
24.3923919420936
25.0988649355281
24.3211458401757
23.8818901177395
24.7404391153223
25.6272969583228
25.6629826041735
24.7878709560145
24.6273595840539
24.609490066216
24.599246874745
24.6111022939928
24.8210724797996
24.7782607435089
24.7240065659152
24.7619916032262
24.6783599260135
24.6713473924957
24.5739044941382
24.5993889634778
24.5880279937743
24.5909911711445
-999
-999
-999
-999
-999
-999
-999
-999
-999
-999
-999
-999
-999
-999
-999
-999
-999
-999
-999
-999
-999
-999
-999
-999
-999
-999
-999
-999
-999
-999
-999
-999
-999
-999
-999
-999
-999
-999
-999
-999
-999
-999
-999
-999
-999
-999
-999
-999
-999
-999
-999
-999
-999
-999
-999
-999
-999
-999
-999
-999
-999
-999
-999
-999
-999
-999
-999
-999
-999
-999
-999
-999
-999
-999
-999
-999
-999
-999
-999
-999
-999
-999
-999
-999
-999
-999
-999
-999
-999
-999
-999
-999
24.9732954279187
-999
-999
-999
-999
24.6297851608902
24.2985004314717
24.7198696717023
25.1919265081225
24.823495169075
23.9864569804871
24.3132767575674
25.6526743451547
25.5251482748061
24.7566487915372
24.6362736732098
24.5873628504997
24.5743343553141
24.6476528294959
24.8059738282113
24.7657907512312
24.7408478184035
24.7448500628414
24.6534521599891
24.6507293308356
24.5499918881718
24.5853022975303
24.5862927706756
24.576292247647
-999
-999
-999
-999
-999
-999
-999
-999
-999
-999
-999
-999
-999
-999
-999
-999
-999
-999
-999
-999
-999
-999
-999
-999
-999
-999
-999
-999
-999
-999
-999
-999
-999
-999
-999
-999
-999
-999
-999
-999
-999
-999
-999
-999
-999
-999
-999
-999
-999
-999
-999
-999
-999
-999
-999
-999
-999
-999
-999
-999
-999
-999
-999
-999
-999
-999
-999
-999
-999
-999
-999
-999
-999
-999
-999
-999
-999
-999
-999
-999
-999
-999
-999
-999
-999
-999
-999
-999
-999
-999
-999
25.1871974664997
25.1230837879693
-999
-999
-999
-999
24.0345897038734
24.359622998099
24.8652226901356
25.1819775828314
24.660371121721
24.8867368631065
25.2456249467699
25.4743868631159
25.2765912335077
24.6323785308069
24.5576841013389
24.5431402348664
24.5753115892317
24.6229182294665
24.7464300464722
24.6897636211592
24.7039894915239
24.6773008524075
24.6208152285771
24.5812917824248
24.5241992063278
24.5828919368608
24.574327197524
24.5570956408868
-999
-999
-999
-999
-999
-999
-999
-999
-999
-999
-999
-999
-999
-999
-999
-999
-999
-999
-999
-999
-999
-999
-999
-999
-999
-999
-999
-999
-999
-999
-999
-999
-999
-999
-999
-999
-999
-999
-999
-999
-999
-999
-999
-999
-999
-999
-999
-999
-999
-999
-999
-999
-999
-999
-999
-999
-999
-999
-999
-999
-999
-999
-999
-999
-999
-999
-999
-999
-999
-999
-999
-999
-999
-999
-999
-999
-999
-999
-999
-999
-999
-999
-999
-999
-999
-999
-999
-999
-999
-999
-999
25.4658256682715
25.0735117400112
23.478287906902
23.8613862058621
25.3723722410525
24.2598917870938
25.1689649244164
25.2643869567522
25.0537347435289
25.6159285532262
25.6514428551013
25.9067341251025
25.7309285682821
25.5288583279953
25.1375297358077
24.6387735802398
24.5528152833589
24.5690564382354
24.6292962665358
24.6217427836286
24.6943500381413
24.6781653661134
24.6598556230574
24.6237612573129
24.5995348435877
24.5381193616408
24.4893318465261
24.5456879672885
24.5401606198749
24.5445573137181
-999
-999
-999
-999
-999
24.8031924692155
-999
-999
-999
-999
-999
-999
-999
-999
-999
-999
-999
-999
-999
-999
-999
-999
-999
-999
-999
-999
-999
-999
-999
-999
-999
-999
-999
-999
-999
-999
-999
-999
-999
-999
-999
-999
-999
-999
-999
-999
-999
-999
-999
-999
-999
-999
-999
-999
-999
-999
-999
-999
-999
-999
-999
-999
-999
-999
-999
-999
-999
-999
-999
-999
24.1586115423605
-999
-999
-999
-999
-999
-999
-999
-999
-999
-999
-999
-999
-999
-999
-999
-999
-999
-999
-999
-999
26.0618217625202
26.4813813569192
26.1212076333371
25.4605815349578
25.5384388783295
25.5489743526387
25.9843839694167
25.9937713174497
25.6644329554267
25.6748280526876
25.3732597987891
24.3658226249204
24.3813193226534
24.3723610669239
24.5649876595217
24.5743198593871
24.5483116857997
24.5958363728634
24.6610197671871
24.6709840460967
24.6448430126651
24.6293244324386
24.6322853221049
24.6000443167058
24.564729873654
24.4946307837225
24.4861448959066
24.5257965028844
24.5224671177741
24.5792130949407
-999
-999
-999
-999
-999
-999
-999
-999
-999
-999
-999
-999
-999
-999
-999
-999
-999
-999
-999
-999
-999
-999
-999
-999
-999
-999
-999
-999
-999
-999
-999
-999
-999
-999
-999
-999
-999
-999
-999
-999
-999
-999
-999
-999
-999
-999
-999
-999
-999
-999
-999
-999
-999
-999
-999
-999
-999
-999
-999
-999
-999
-999
-999
-999
-999
-999
-999
-999
-999
-999
-999
-999
-999
-999
-999
-999
-999
-999
-999
-999
-999
-999
-999
-999
-999
-999
-999
-999
-999
-999
25.6512425444335
24.6670914427748
25.9054090010682
26.3319832296663
25.9853018018275
25.8047787633034
25.8342711000303
25.7322891390881
25.8220934262345
25.8194657155207
25.5224875408233
24.5650949034956
24.5286619311536
24.5285088716438
24.6069192783416
24.7251148126896
24.5176960490594
24.5768899144046
24.6481329696893
24.6751693851084
24.7199259995691
24.7121069898369
24.6211910148954
24.5510458683748
24.5159526013477
24.4672534976238
24.4323032229842
24.4788206820617
24.4676566659031
24.5058185981385
24.5366791732899
-999
-999
-999
-999
-999
-999
-999
-999
-999
-999
-999
-999
-999
-999
-999
-999
-999
-999
-999
-999
-999
-999
-999
-999
-999
-999
-999
-999
-999
-999
-999
-999
-999
-999
-999
-999
-999
-999
-999
-999
-999
-999
-999
-999
-999
-999
-999
-999
-999
-999
-999
-999
-999
-999
-999
-999
-999
-999
-999
-999
-999
-999
-999
-999
-999
-999
-999
-999
-999
-999
-999
-999
-999
-999
-999
-999
-999
-999
-999
-999
-999
-999
-999
-999
-999
-999
-999
-999
-999
-999
25.5874171840256
25.2285660280794
24.5167570565556
24.1462537764439
24.4782526507631
25.3365099781011
25.7437445912274
25.173461364027
25.1699408861749
25.0463179479535
24.6988987045523
24.2805196080358
24.2027974843198
24.2420605842483
24.3756931189133
24.6477713449733
24.5026686799318
24.5824488397702
24.7251792429025
24.6781721823775
24.6584085215679
24.6426626400148
24.5841590357336
24.5092077790755
24.4429551897502
24.4067993523732
24.4355716053627
24.4111852180775
24.4577879421163
24.6634469433177
24.6115780119653
-999
-999
-999
-999
-999
-999
-999
-999
-999
-999
-999
-999
-999
-999
-999
-999
-999
-999
-999
-999
-999
-999
-999
-999
-999
-999
-999
-999
-999
-999
-999
-999
-999
-999
-999
-999
-999
-999
-999
-999
-999
-999
-999
-999
-999
-999
-999
-999
-999
-999
-999
-999
-999
-999
-999
-999
-999
-999
-999
-999
-999
-999
-999
-999
-999
-999
-999
-999
-999
-999
-999
-999
-999
-999
-999
-999
-999
-999
-999
-999
-999
-999
-999
-999
-999
-999
-999
-999
-999
25.5314819200365
25.305251221019
24.3816257580995
24.4683435491703
25.1306232014353
24.1223959605407
25.080182734236
25.7675596761586
25.3073334797002
25.0382537363226
24.7121844907759
24.5971130644613
24.2783409038047
24.265069051517
24.3889048844636
24.7980838355189
24.7324502182238
24.3315035302372
24.5233932452702
24.7346646726797
24.732348796278
24.6841080366309
24.6040885279053
24.5771848905241
24.4816745673476
24.450204217321
24.38815853418
24.3845848878912
24.3658458426041
24.4309633724566
24.692805853477
24.747713125281
-999
-999
-999
-999
-999
-999
-999
-999
-999
-999
-999
-999
-999
-999
-999
-999
-999
-999
-999
-999
-999
-999
-999
-999
-999
-999
-999
-999
-999
-999
-999
-999
-999
-999
-999
-999
-999
-999
-999
-999
-999
-999
-999
-999
-999
-999
-999
-999
-999
-999
-999
-999
-999
-999
-999
-999
-999
-999
-999
-999
-999
-999
-999
-999
-999
-999
-999
-999
-999
-999
-999
-999
-999
-999
-999
-999
-999
-999
-999
-999
-999
-999
-999
-999
-999
-999
-999
-999
-999
-999
24.9710068645204
23.9684409409447
24.24462098969
24.7352571613652
24.7974499942463
24.9942594182605
25.8065197853681
25.0523669054
24.6588451200422
24.5677916749605
24.5445576046731
24.3139534004185
24.4607406670227
24.896818047972
25.0505529210271
24.988772205255
24.4064024479763
24.5557112959063
25.0850942206271
25.0084059942749
24.7213954122431
24.5848974001451
24.5545585522085
24.4763689808756
24.4711562833845
24.4096957906808
24.4017271339829
24.3103130868259
24.2610512002123
24.2114598103431
24.2151187997629
-999
-999
-999
-999
-999
-999
-999
-999
-999
-999
-999
-999
-999
-999
-999
-999
-999
-999
-999
-999
-999
-999
-999
-999
-999
-999
-999
-999
-999
-999
-999
-999
-999
-999
-999
-999
-999
-999
-999
-999
-999
-999
-999
-999
-999
-999
-999
-999
-999
-999
-999
-999
-999
-999
-999
-999
-999
-999
-999
-999
-999
-999
-999
-999
-999
-999
-999
-999
-999
-999
-999
-999
-999
-999
-999
-999
-999
-999
-999
-999
-999
-999
-999
-999
-999
-999
-999
-999
-999
-999
25.6260338715557
-999
-999
-999
25.5194361432055
25.4766387417098
25.4573285531408
24.6758390410803
24.7549647138642
24.5527023062377
24.41380491969
24.3365651069761
24.6537703077949
24.984711041731
24.9649845342094
24.6663274816123
24.5054266295679
24.5375427038652
24.9886747655638
24.7553463740911
24.6222390061077
24.5704259358259
24.5116412764619
24.4555609747406
24.485076907215
24.4441687918007
24.4519616992204
24.449661236758
24.4081349298149
24.2712805680375
24.1460196947132
-999
-999
-999
-999
-999
-999
-999
-999
-999
-999
-999
-999
-999
-999
-999
-999
-999
-999
-999
-999
-999
-999
-999
-999
-999
-999
-999
-999
-999
-999
-999
-999
-999
-999
-999
-999
-999
-999
-999
-999
-999
-999
-999
-999
-999
-999
-999
-999
-999
-999
-999
-999
-999
-999
-999
-999
-999
-999
-999
-999
-999
-999
-999
-999
-999
-999
-999
-999
-999
-999
-999
-999
-999
-999
-999
-999
-999
-999
-999
-999
-999
-999
-999
-999
-999
-999
-999
-999
-999
-999
25.8980472198195
-999
26.448408530806
-999
25.6520878689181
25.8067919743716
25.3734431124702
24.7188823155868
-999
-999
-999
25.1516935848789
25.5794887948442
25.97748832546
24.8297343160706
24.7951339921708
24.8720583368518
24.8069059850613
24.9706620259128
24.7724690636799
24.5745475191336
24.5449322724483
24.4719164770139
24.4319724948746
24.4356632969299
24.3952354413419
24.4047953032466
24.3264745422267
24.2961053781162
24.1591374552013
24.1025703226787
-999
-999
-999
-999
-999
-999
-999
-999
-999
-999
-999
-999
-999
-999
-999
-999
-999
-999
-999
-999
-999
-999
-999
-999
-999
-999
-999
-999
-999
-999
-999
-999
-999
-999
-999
-999
-999
-999
-999
-999
-999
-999
-999
-999
-999
-999
-999
-999
-999
-999
-999
-999
-999
-999
-999
-999
-999
-999
-999
-999
-999
-999
-999
-999
-999
-999
-999
-999
-999
-999
-999
-999
-999
-999
-999
-999
-999
-999
-999
-999
-999
-999
-999
-999
-999
-999
-999
-999
-999
-999
25.9547955768358
-999
-999
-999
25.6584093375384
25.8164477466343
24.7759636746386
24.6800873689061
-999
26.3275132150207
-999
24.7900311423871
25.5794570206595
25.9928343290829
25.5380613594583
24.8164020366678
24.9182860600294
24.726710073083
24.5347764083519
24.6749048111076
24.7096359878421
24.6199065232597
24.5464399852357
24.5056478402767
24.557539742897
24.4214883291255
24.3813192261869
24.3642264051778
24.3877655126514
24.2191986746244
24.0866342161181
-999
-999
-999
-999
-999
-999
-999
-999
-999
-999
-999
-999
-999
-999
-999
-999
-999
-999
-999
-999
-999
-999
-999
-999
-999
-999
-999
-999
-999
-999
-999
-999
-999
-999
-999
-999
-999
-999
-999
-999
-999
-999
-999
-999
-999
-999
-999
-999
-999
-999
-999
-999
-999
-999
-999
-999
-999
-999
-999
-999
-999
-999
-999
-999
-999
-999
-999
-999
-999
-999
-999
-999
-999
-999
-999
-999
-999
-999
-999
-999
-999
-999
-999
-999
-999
-999
-999
-999
-999
-999
26.4806938008599
26.4765199326495
26.4608716416857
-999
-999
-999
24.7548297003761
24.748869776592
-999
-999
-999
23.2979214532514
25.3318753743658
26.9015460218325
26.3360244403471
24.8598569644449
24.6035601739054
24.5577167490769
24.4406491077123
24.7729001975907
24.804986244957
24.7938167488716
24.5632662821621
24.4045783800237
24.4304912487579
24.3811881118182
24.3554756217205
24.3361330780619
24.2722475708587
24.0808905939206
24.0617415506564
-999
-999
-999
-999
-999
-999
-999
-999
-999
26.3300112999186
-999
-999
-999
-999
-999
-999
-999
-999
-999
-999
-999
-999
-999
-999
-999
-999
-999
-999
-999
-999
-999
-999
-999
-999
-999
-999
-999
-999
-999
-999
-999
-999
-999
-999
-999
-999
-999
-999
-999
-999
-999
-999
-999
-999
-999
-999
-999
-999
-999
-999
-999
-999
-999
-999
-999
-999
-999
-999
-999
-999
-999
-999
-999
-999
-999
-999
-999
-999
-999
-999
-999
-999
-999
-999
-999
-999
-999
-999
-999
-999
26.1776470335734
25.5599789452875
25.3893433353247
-999
26.1706780596586
-999
24.7565380394376
24.6054317970526
25.2173844255331
25.4889619974377
23.7826058883897
23.5702604520907
24.5415350604102
25.7176169368926
26.0648744884126
24.9079343893393
24.5676753146553
24.5036846978217
24.3263214422523
24.3147237961108
24.3331608342444
24.4863452782092
24.3780215119549
24.2602124697135
24.3336158889107
24.2587009434673
24.3912342959064
24.2160328274887
24.1043990520254
24.0097600944222
24.1327069048146
-999
-999
-999
-999
-999
-999
-999
-999
-999
-999
-999
-999
-999
-999
-999
-999
-999
-999
-999
-999
-999
-999
-999
-999
-999
-999
-999
-999
-999
-999
-999
-999
-999
-999
-999
-999
-999
-999
-999
-999
-999
-999
-999
-999
-999
-999
-999
-999
-999
-999
-999
-999
-999
-999
-999
-999
-999
-999
-999
-999
-999
-999
-999
-999
-999
-999
-999
-999
-999
-999
-999
-999
-999
-999
-999
-999
-999
-999
-999
-999
-999
-999
-999
-999
-999
-999
-999
-999
-999
-999
25.1663659201043
25.6323937381991
25.5767742588267
-999
-999
-999
24.6094944978917
24.3940483389393
24.8634217641684
25.8591111485371
24.6214273885482
23.3241109021494
24.9615695460126
25.8430422982522
25.8752723224221
-999
-999
-999
24.3241080901903
24.1808756475962
24.1825937516559
24.1474749682504
24.4237745271365
24.4743877457801
24.3028651707146
24.2109553346565
24.2114258767666
24.151146707349
24.140275362764
24.0259873509814
24.1533106344192
-999
-999
-999
-999
-999
-999
-999
-999
-999
-999
-999
-999
-999
-999
-999
-999
-999
-999
-999
-999
-999
-999
-999
-999
-999
-999
-999
-999
-999
-999
-999
-999
-999
-999
-999
-999
-999
-999
-999
-999
-999
-999
-999
-999
-999
-999
-999
-999
-999
-999
-999
-999
-999
-999
-999
-999
-999
-999
-999
-999
-999
-999
-999
-999
-999
-999
-999
-999
-999
-999
-999
-999
-999
-999
-999
-999
-999
-999
-999
-999
-999
-999
-999
-999
-999
-999
-999
-999
-999
-999
-999
-999
25.3622636574564
25.3712714364763
25.6686830613033
25.7201368821074
24.6950698711526
24.6405748569982
25.2563676947207
25.9213211138481
25.6511226429252
23.4941145613776
24.657271670091
25.6980183302811
25.5176725778622
-999
25.3289723820182
-999
24.2721865862021
24.207399470374
24.1535050474264
24.1236236972322
24.4489043588986
24.9326619406626
24.3255980012215
24.2635480406578
24.2184854180361
23.9736527662976
23.9962233423188
23.8852000753484
-999
-999
-999
-999
-999
-999
-999
-999
-999
-999
-999
-999
-999
-999
-999
-999
-999
-999
-999
-999
-999
-999
-999
-999
-999
-999
-999
-999
-999
-999
-999
-999
-999
-999
-999
-999
-999
-999
-999
-999
-999
-999
-999
-999
-999
-999
-999
-999
-999
-999
-999
-999
-999
-999
-999
-999
-999
-999
-999
-999
-999
-999
-999
-999
-999
-999
-999
-999
-999
-999
-999
-999
-999
-999
-999
-999
-999
-999
-999
-999
-999
-999
-999
-999
-999
-999
-999
-999
-999
-999
-999
-999
-999
25.2992007069611
25.6468905296828
25.5728256747843
25.1934175450936
24.8173580059393
25.0015659621198
24.9331773041362
25.6260685730517
25.7928097048496
24.5009551349773
23.9470663497745
25.0522843639494
25.06421908434
-999
-999
-999
25.0792950288179
24.7853659282068
24.373756503974
24.2086968977105
24.3564391483798
25.0819566852619
24.5259265009006
24.17263826816
24.1569693553839
24.092678075891
23.9695435918544
23.9009106259242
-999
-999
-999
-999
-999
-999
-999
-999
-999
-999
-999
-999
-999
-999
-999
-999
-999
-999
-999
-999
-999
-999
-999
-999
-999
-999
-999
-999
-999
-999
-999
-999
-999
-999
-999
-999
-999
-999
-999
-999
-999
-999
-999
-999
-999
-999
-999
-999
-999
-999
-999
-999
-999
-999
-999
-999
-999
-999
-999
-999
-999
-999
-999
-999
-999
-999
-999
-999
-999
-999
-999
-999
-999
-999
-999
-999
-999
-999
-999
-999
-999
-999
-999
-999
-999
-999
-999
-999
-999
-999
-999
-999
-999
26.2658976559688
26.2225866412831
25.8090272738121
24.7694166284017
24.5377433184251
24.6798245058303
24.5166270459674
24.9964472238171
25.6450742560212
26.0300454658255
25.3724962449282
24.7628436679019
23.4413307734431
23.4486274377306
24.7103506841798
24.7493515892954
25.018430381503
24.8447072645262
24.5658534401232
24.1786564175802
24.2717836178305
25.0590906140475
24.6445283603987
24.2038609035223
24.0844013809064
24.0011383319025
-999
-999
-999
-999
-999
-999
-999
-999
-999
-999
-999
-999
-999
-999
-999
-999
-999
-999
-999
-999
-999
-999
-999
-999
-999
-999
-999
-999
-999
-999
-999
-999
-999
-999
-999
-999
-999
-999
-999
-999
-999
-999
-999
-999
-999
-999
-999
-999
-999
-999
-999
-999
-999
-999
-999
-999
-999
-999
-999
-999
-999
-999
-999
-999
-999
-999
-999
-999
-999
-999
-999
-999
-999
-999
-999
-999
-999
-999
-999
-999
-999
-999
-999
-999
-999
-999
-999
-999
-999
-999
-999
-999
-999
-999
-999
-999
25.4496897634891
25.2176475294483
24.7006409192204
24.4580489093288
24.5235099611949
24.4817934700444
24.5383808699153
24.9397871564434
25.4816876534654
24.96051955749
24.6947358926257
24.2256900632154
24.2780460887247
23.6730893209773
24.0266714946289
24.6359726860743
24.3835902130367
23.8092530595416
23.6458569399845
24.1938850015202
24.7696582701278
24.4943035510185
24.0425080872603
24.1063709297687
-999
-999
-999
-999
-999
-999
-999
-999
-999
-999
-999
-999
-999
-999
-999
-999
-999
-999
-999
-999
-999
-999
-999
-999
-999
-999
-999
-999
-999
-999
-999
-999
-999
-999
-999
-999
-999
-999
-999
-999
-999
-999
-999
-999
-999
-999
-999
-999
-999
-999
-999
-999
-999
-999
-999
-999
-999
-999
-999
-999
-999
-999
-999
-999
-999
-999
-999
-999
-999
-999
-999
-999
-999
-999
-999
-999
-999
-999
-999
-999
-999
-999
-999
-999
-999
-999
-999
-999
-999
-999
-999
-999
-999
-999
-999
-999
-999
24.3107229781038
24.4017216640222
24.4769019790038
24.4593247551028
24.5073486924188
24.4629302636826
24.4685239858051
24.5795649909796
25.1597114543633
24.6889045922985
24.4302044514896
23.8842622055029
23.8956988913393
23.3210809623172
23.5205375940024
24.5410735129715
24.6810330033907
23.974121217561
23.8464260518633
24.2600726012863
24.6573112874474
24.4410824398011
24.0376826297725
24.0687328344127
-999
-999
-999
-999
-999
-999
-999
-999
-999
-999
-999
-999
-999
-999
-999
-999
-999
-999
-999
-999
-999
-999
-999
-999
-999
-999
-999
-999
-999
-999
-999
-999
-999
-999
-999
-999
-999
-999
-999
-999
-999
-999
-999
-999
-999
-999
-999
-999
-999
-999
-999
-999
-999
-999
-999
-999
-999
-999
-999
-999
-999
-999
-999
-999
-999
-999
-999
-999
-999
-999
-999
-999
-999
-999
-999
-999
-999
-999
-999
-999
-999
-999
-999
-999
-999
-999
-999
-999
-999
-999
-999
-999
-999
-999
-999
-999
-999
-999
24.6377212478111
24.5976835523128
24.568798682073
24.6120014502104
24.4795094339724
24.4757377647591
24.6175956476444
24.8754050696194
24.7641910239393
24.3927292944271
24.0352434916102
23.9816043911616
23.9748088099854
23.6910976747652
24.4406127265041
25.0246690860854
23.7116706865095
23.6713479136753
24.1027151109904
24.6616042536888
24.3834926542179
-999
-999
-999
-999
-999
-999
-999
-999
-999
-999
-999
-999
-999
-999
-999
-999
-999
-999
-999
-999
-999
-999
-999
-999
-999
-999
-999
-999
-999
-999
-999
-999
-999
-999
-999
-999
-999
-999
-999
-999
-999
-999
-999
-999
-999
-999
-999
-999
-999
-999
-999
-999
-999
-999
-999
-999
-999
-999
-999
-999
-999
-999
-999
-999
-999
-999
-999
-999
-999
-999
-999
-999
-999
-999
-999
-999
-999
-999
-999
-999
-999
-999
-999
-999
-999
-999
-999
-999
-999
-999
-999
-999
-999
-999
-999
-999
-999
-999
-999
-999
24.9099241538305
-999
-999
-999
24.7602632030132
24.8252169870257
24.4165234156346
24.5072157705606
24.7407216729927
24.7741602498359
25.084001610447
25.1425557521045
25.3137241591821
24.9172158988625
24.4581815449814
24.7774446170336
23.7716849362642
23.7835653479462
24.1874070668388
24.5113446149907
24.5749697678493
-999
-999
-999
-999
-999
-999
-999
-999
-999
-999
-999
-999
-999
-999
-999
-999
-999
-999
-999
-999
-999
-999
-999
-999
-999
-999
-999
-999
-999
-999
-999
-999
-999
-999
-999
-999
-999
-999
-999
-999
-999
-999
-999
-999
-999
-999
-999
-999
-999
-999
-999
-999
-999
-999
-999
-999
-999
-999
-999
-999
-999
-999
-999
-999
-999
-999
-999
-999
-999
-999
-999
-999
-999
-999
-999
-999
-999
-999
-999
-999
-999
-999
-999
-999
-999
-999
-999
-999
-999
-999
-999
-999
-999
-999
-999
-999
-999
-999
-999
-999
25.1661991603605
-999
-999
-999
24.9764274277253
25.1015688868655
24.4472368232432
24.4772593411252
24.6438013102561
24.7377063423733
25.0547450953117
25.3379238918321
25.2733813125267
25.4447604051185
24.8053780462981
24.4232356758059
23.4920190767572
23.5485817643419
23.6871864208673
24.0239878388275
-999
-999
-999
-999
-999
-999
-999
-999
-999
-999
-999
-999
-999
-999
-999
-999
-999
-999
-999
-999
-999
-999
-999
-999
-999
-999
-999
-999
-999
-999
-999
-999
-999
-999
-999
-999
-999
-999
-999
-999
-999
-999
-999
-999
-999
-999
-999
-999
-999
-999
-999
-999
-999
-999
-999
-999
-999
-999
-999
-999
-999
-999
-999
-999
-999
-999
-999
-999
-999
-999
-999
-999
-999
-999
-999
-999
-999
-999
-999
-999
-999
-999
-999
-999
-999
-999
-999
-999
-999
-999
-999
-999
-999
-999
-999
-999
-999
-999
-999
-999
25.8306212046747
25.1241896519065
-999
-999
-999
25.2008447940267
25.4825909601412
24.7228140607223
24.4031324868422
24.3335137560362
24.3983382667481
24.7242560083323
24.9090132837711
24.7049922619072
24.8126837726958
24.2241233005355
23.8366483801153
23.6581171414689
23.5115523436911
23.7613053540939
-999
-999
-999
-999
-999
-999
-999
-999
-999
-999
-999
-999
-999
-999
-999
-999
-999
-999
-999
-999
-999
-999
-999
-999
-999
-999
-999
-999
-999
-999
-999
-999
-999
-999
-999
-999
-999
-999
-999
-999
-999
-999
-999
-999
-999
-999
-999
-999
-999
-999
-999
-999
-999
-999
-999
-999
-999
-999
-999
-999
-999
-999
-999
-999
-999
-999
-999
-999
-999
-999
-999
-999
-999
-999
-999
-999
-999
-999
-999
-999
-999
-999
-999
-999
-999
-999
24.2045036865775
-999
-999
-999
-999
-999
-999
-999
-999
-999
-999
-999
-999
-999
-999
24.5402013793371
24.2614817619842
-999
-999
-999
25.339721280337
25.6339080383969
25.3171832904893
24.4931922710735
24.3262554414341
24.2954647279344
24.4849720999535
24.4658574026195
24.4850356560517
24.6992784253173
24.252003065551
24.1854619929663
24.7372832912328
24.9701675497173
-999
-999
-999
-999
-999
-999
-999
-999
-999
-999
-999
-999
-999
-999
-999
-999
-999
-999
-999
-999
-999
-999
-999
-999
-999
-999
-999
-999
-999
-999
-999
-999
-999
-999
-999
-999
-999
-999
-999
-999
-999
-999
-999
-999
-999
-999
-999
-999
-999
-999
-999
-999
-999
-999
-999
-999
-999
-999
-999
-999
-999
-999
-999
-999
-999
-999
-999
-999
-999
-999
-999
-999
-999
-999
-999
-999
-999
-999
-999
-999
-999
-999
-999
-999
-999
-999
-999
-999
-999
-999
-999
-999
-999
-999
-999
-999
-999
-999
-999
-999
-999
-999
24.5494567110135
23.4070165823422
-999
-999
-999
24.933903646035
25.3062291322631
25.4915252573301
25.0913196090882
24.4855045023098
24.4338773544487
24.3733388535946
24.3214842287287
24.3096880929741
24.5886233588093
24.7146786986356
25.0066037811431
24.507568204588
-999
-999
-999
-999
-999
-999
-999
-999
-999
-999
-999
-999
-999
-999
-999
-999
-999
-999
-999
-999
-999
-999
-999
-999
-999
-999
-999
-999
-999
-999
-999
-999
-999
-999
-999
-999
-999
-999
-999
-999
-999
-999
-999
-999
-999
-999
-999
-999
-999
-999
-999
-999
-999
-999
-999
-999
-999
-999
-999
-999
-999
-999
-999
-999
-999
-999
-999
-999
-999
-999
-999
-999
-999
-999
-999
-999
-999
-999
-999
-999
-999
-999
-999
-999
-999
-999
-999
-999
-999
-999
-999
-999
-999
-999
-999
-999
-999
-999
-999
-999
-999
-999
-999
-999
25.0120872994255
24.5375853610236
23.3370442089325
23.4581577051039
24.6804919729121
25.1393159110561
25.3543602781701
25.233270227285
25.0885415369414
24.6333899262357
24.3762785944129
24.3504217976829
24.2413319765967
24.3912903047272
24.8183981621106
25.0068068749472
-999
-999
-999
-999
-999
-999
-999
-999
-999
-999
-999
-999
-999
-999
-999
-999
-999
-999
-999
-999
-999
-999
-999
-999
26.4703147056729
-999
-999
-999
-999
-999
-999
-999
-999
-999
-999
-999
-999
-999
-999
-999
-999
-999
-999
-999
-999
-999
-999
-999
-999
-999
-999
-999
-999
-999
-999
-999
-999
-999
-999
-999
-999
-999
-999
-999
-999
-999
-999
-999
-999
-999
-999
-999
-999
-999
-999
-999
-999
-999
-999
-999
-999
-999
-999
-999
-999
-999
-999
-999
-999
-999
-999
-999
-999
-999
-999
-999
-999
-999
-999
-999
-999
-999
-999
-999
-999
24.8839728428408
25.5999012683532
24.500249349053
22.8552008693286
23.8676860905443
25.1383089956638
25.1650071478144
24.8201198948631
25.1432189593747
24.5283766638108
24.3722854695652
24.4204282493573
24.2545335573506
24.1787479158448
24.3008649854031
-999
-999
-999
-999
-999
-999
-999
-999
-999
-999
-999
-999
-999
-999
-999
-999
-999
-999
-999
-999
-999
-999
-999
-999
-999
-999
-999
-999
-999
-999
-999
-999
-999
-999
-999
-999
-999
-999
-999
-999
-999
-999
-999
-999
-999
-999
-999
-999
-999
-999
-999
-999
-999
-999
-999
-999
-999
-999
-999
26.6207413759767
26.0351060699005
-999
-999
-999
-999
-999
-999
-999
-999
-999
-999
-999
-999
-999
-999
-999
-999
-999
-999
-999
-999
-999
-999
-999
-999
-999
-999
-999
-999
-999
-999
-999
-999
-999
-999
-999
-999
-999
-999
-999
-999
-999
-999
-999
-999
-999
24.2417083973611
25.146907770439
25.5238311033695
24.7749068702374
23.5337588730287
24.9663894130101
24.7564229859725
24.6205994127585
25.282391164516
24.3003202424898
24.2959562746911
24.604342759765
24.8714425660222
24.8861347426503
24.5042455136438
-999
-999
-999
-999
-999
-999
-999
-999
-999
-999
-999
-999
-999
-999
25.9904414891344
26.0191497611846
26.0217253467329
26.0884575600458
26.0447072719643
25.969699025073
25.9202894214895
-999
-999
-999
-999
-999
-999
-999
-999
-999
-999
-999
-999
-999
-999
-999
-999
-999
-999
-999
-999
-999
-999
-999
-999
-999
-999
-999
-999
-999
-999
-999
-999
-999
-999
-999
-999
-999
-999
-999
-999
-999
-999
-999
-999
-999
-999
-999
-999
-999
-999
-999
-999
-999
-999
-999
-999
-999
-999
-999
-999
-999
-999
-999
-999
-999
-999
-999
-999
-999
-999
-999
-999
-999
-999
-999
-999
-999
-999
-999
-999
-999
-999
-999
-999
-999
23.8353488719815
23.8562182491288
24.9246928098447
25.7479581538017
24.8262907033196
24.6057892012093
24.7838046646886
24.6162580749172
24.9396769456963
23.9931057247349
24.4736973601711
24.6073288660015
24.9100481900271
-999
-999
-999
-999
-999
-999
-999
-999
-999
-999
-999
-999
-999
-999
-999
-999
-999
25.9740948096053
26.0697182810032
26.3094837256879
26.1401744712768
25.9102097677938
-999
-999
-999
-999
-999
-999
-999
-999
-999
-999
-999
-999
-999
-999
-999
-999
-999
-999
-999
-999
-999
-999
-999
-999
-999
-999
-999
-999
-999
-999
-999
-999
-999
-999
-999
-999
-999
-999
-999
-999
-999
-999
-999
-999
-999
-999
-999
-999
-999
23.8758900371665
23.0240875421724
23.133545073362
23.4750890776294
-999
-999
-999
-999
-999
-999
-999
-999
-999
-999
-999
-999
-999
-999
-999
-999
-999
-999
-999
-999
-999
-999
-999
-999
-999
-999
-999
-999
-999
-999
-999
-999
-999
24.1506440675285
23.8628663401221
23.7004948135883
24.7021505117682
24.3256406327463
24.2383322671447
25.0913598465071
24.6982355341425
24.1456576771054
24.1392594713206
24.3624670021028
-999
-999
-999
-999
-999
-999
-999
-999
-999
-999
-999
-999
-999
-999
-999
-999
-999
-999
-999
26.1163190002345
26.0913905316214
26.1778218629694
26.0177945399052
26.0078618962232
-999
-999
-999
-999
-999
-999
-999
-999
-999
-999
-999
-999
-999
-999
-999
-999
-999
-999
-999
-999
-999
-999
-999
-999
-999
-999
-999
-999
-999
-999
-999
-999
-999
-999
-999
-999
-999
-999
-999
-999
-999
-999
-999
-999
-999
-999
-999
-999
-999
-999
-999
-999
-999
-999
-999
-999
-999
-999
-999
-999
-999
-999
-999
-999
-999
-999
-999
-999
-999
-999
-999
-999
-999
-999
-999
-999
-999
-999
-999
-999
-999
-999
-999
-999
-999
-999
24.4838300487088
24.2827678949527
23.7997054290409
23.8524416635505
23.9979874942293
-999
-999
-999
23.8061561939711
23.8816775635774
24.0424313203515
-999
-999
-999
-999
-999
-999
-999
-999
-999
-999
-999
-999
-999
-999
-999
-999
-999
-999
-999
25.9345134016773
26.0959215243566
25.9669861437147
25.9788965735606
25.9856465055219
-999
-999
-999
-999
-999
-999
-999
-999
-999
-999
-999
-999
-999
-999
-999
-999
-999
-999
-999
-999
-999
-999
-999
-999
-999
-999
-999
-999
-999
-999
-999
-999
-999
-999
-999
-999
-999
-999
-999
-999
-999
-999
-999
-999
-999
-999
-999
-999
-999
-999
-999
-999
-999
-999
-999
-999
-999
-999
-999
-999
-999
-999
-999
-999
-999
-999
-999
-999
-999
-999
-999
-999
-999
-999
-999
-999
-999
-999
-999
-999
-999
-999
-999
-999
-999
-999
-999
-999
-999
-999
24.0606643211137
-999
24.4462283551268
-999
24.9180738470513
23.8026589568553
-999
-999
-999
-999
-999
-999
-999
-999
-999
-999
-999
-999
-999
-999
-999
-999
-999
-999
-999
-999
-999
26.1514295616336
25.9782176051325
26.0314657651126
25.8556365694438
-999
-999
-999
-999
-999
-999
-999
-999
-999
-999
-999
-999
-999
-999
-999
-999
-999
-999
-999
-999
-999
-999
-999
-999
-999
-999
-999
-999
-999
-999
-999
-999
-999
-999
-999
-999
-999
-999
-999
-999
-999
-999
-999
-999
-999
-999
-999
-999
-999
-999
-999
-999
-999
-999
-999
-999
-999
23.5177382831972
-999
-999
-999
-999
-999
-999
-999
-999
-999
-999
-999
-999
-999
-999
-999
-999
-999
-999
-999
-999
-999
-999
-999
-999
-999
-999
-999
-999
-999
-999
-999
-999
-999
-999
-999
-999
-999
-999
-999
-999
-999
-999
-999
-999
-999
-999
-999
-999
-999
-999
-999
-999
-999
-999
-999
-999
-999
26.1690195402801
-999
26.4015663615272
26.0037586007135
25.9282646860147
25.9719679714851
-999
-999
-999
-999
-999
-999
-999
-999
-999
-999
-999
-999
-999
-999
-999
-999
-999
-999
-999
-999
-999
-999
-999
-999
-999
-999
-999
-999
-999
-999
-999
-999
-999
-999
-999
-999
-999
-999
-999
-999
-999
-999
-999
-999
-999
-999
-999
-999
-999
-999
-999
-999
-999
-999
-999
-999
-999
-999
-999
-999
-999
-999
-999
-999
-999
-999
-999
-999
-999
-999
-999
-999
-999
-999
-999
-999
-999
-999
-999
-999
-999
-999
-999
-999
-999
-999
-999
-999
-999
-999
-999
-999
24.2815611547316
-999
-999
-999
-999
-999
-999
-999
-999
-999
-999
-999
-999
-999
-999
-999
-999
-999
-999
-999
-999
-999
-999
-999
-999
-999
-999
-999
-999
26.2838094953205
-999
-999
-999
-999
-999
-999
-999
-999
-999
-999
-999
-999
-999
-999
-999
-999
-999
-999
-999
-999
-999
-999
-999
-999
-999
-999
-999
-999
-999
-999
-999
-999
-999
-999
-999
-999
-999
-999
-999
-999
-999
-999
-999
-999
-999
-999
-999
-999
-999
-999
-999
-999
-999
-999
-999
-999
-999
-999
-999
-999
-999
-999
-999
-999
-999
-999
-999
-999
-999
-999
-999
-999
-999
-999
-999
-999
-999
-999
-999
-999
-999
-999
-999
-999
-999
-999
-999
-999
-999
-999
-999
-999
-999
-999
-999
-999
-999
-999
-999
-999
-999
-999
-999
-999
-999
-999
-999
-999
-999
-999
-999
-999
-999
-999
-999
-999
-999
-999
-999
-999
26.0467428522852
-999
-999
-999
-999
-999
-999
-999
-999
-999
-999
-999
-999
-999
-999
-999
-999
-999
-999
-999
-999
-999
-999
-999
-999
-999
-999
-999
-999
-999
-999
-999
-999
-999
-999
-999
-999
-999
-999
-999
-999
-999
-999
-999
-999
-999
-999
-999
-999
-999
-999
-999
-999
-999
-999
-999
-999
-999
-999
-999
-999
-999
-999
-999
-999
-999
-999
-999
-999
-999
-999
-999
-999
-999
-999
-999
-999
-999
-999
-999
-999
-999
-999
-999
-999
-999
-999
-999
-999
-999
-999
-999
-999
-999
-999
-999
-999
-999
-999
-999
-999
-999
-999
-999
-999
-999
-999
-999
-999
-999
-999
-999
-999
-999
-999
-999
-999
-999
-999
-999
-999
26.0955187104508
26.3838304531963
26.0654801147212
-999
-999
-999
-999
-999
-999
-999
-999
-999
-999
-999
-999
-999
-999
-999
-999
-999
-999
-999
-999
-999
-999
-999
-999
-999
-999
-999
-999
-999
-999
-999
-999
-999
-999
-999
-999
-999
-999
-999
-999
-999
-999
-999
-999
-999
-999
-999
-999
-999
-999
-999
-999
-999
-999
-999
-999
-999
-999
-999
-999
-999
-999
-999
-999
-999
-999
-999
-999
-999
-999
-999
-999
-999
-999
-999
-999
-999
-999
-999
-999
-999
-999
-999
-999
-999
-999
-999
-999
-999
-999
-999
-999
-999
-999
-999
-999
-999
-999
-999
-999
-999
-999
-999
-999
-999
-999
-999
-999
-999
-999
-999
-999
-999
-999
-999
-999
-999
-999
-999
-999
-999
-999
-999
-999
-999
-999
-999
-999
-999
-999
-999
-999
-999
-999
-999
-999
-999
-999
-999
-999
-999
-999
-999
-999
-999
-999
-999
-999
-999
-999
-999
-999
-999
-999
-999
-999
-999
-999
-999
-999
-999
-999
-999
-999
-999
-999
-999
-999
-999
-999
-999
-999
-999
-999
-999
-999
-999
-999
-999
-999
-999
-999
-999
-999
-999
-999
-999
-999
-999
-999
-999
-999
-999
-999
-999
-999
-999
-999
-999
-999
-999
-999
-999
-999
-999
-999
-999
-999
-999
-999
-999
-999
-999
-999
-999
-999
-999
-999
-999
-999
-999
-999
-999
-999
-999
-999
-999
-999
-999
-999
-999
-999
-999
-999
-999
-999
-999
-999
-999
-999
-999
-999
-999
-999
-999
-999
-999
-999
-999
-999
-999
-999
-999
-999
-999
-999
-999
-999
-999
-999
-999
-999
-999
-999
-999
-999
-999
-999
-999
-999
-999
-999
-999
-999
-999
-999
-999
24.9694710779756
-999
-999
-999
-999
-999
-999
-999
-999
-999
-999
-999
-999
-999
-999
-999
-999
-999
-999
-999
-999
-999
-999
-999
-999
-999
-999
-999
-999
-999
-999
-999
-999
-999
-999
-999
-999
-999
-999
-999
-999
-999
-999
-999
-999
-999
-999
-999
-999
-999
-999
-999
-999
-999
-999
-999
-999
-999
-999
-999
-999
-999
-999
-999
-999
-999
-999
-999
-999
-999
-999
-999
-999
-999
-999
-999
-999
-999
-999
-999
-999
-999
-999
-999
-999
-999
-999
-999
-999
-999
-999
-999
-999
-999
-999
-999
-999
-999
-999
-999
-999
-999
-999
-999
-999
-999
-999
-999
-999
-999
-999
-999
-999
25.3527921847903
-999
-999
-999
-999
-999
-999
-999
24.7831459425685
24.9731653503117
-999
-999
-999
-999
-999
-999
-999
-999
-999
-999
-999
-999
-999
-999
-999
-999
-999
-999
-999
-999
-999
-999
-999
-999
-999
-999
-999
-999
-999
-999
-999
-999
-999
-999
-999
-999
-999
-999
-999
-999
-999
-999
-999
-999
-999
-999
-999
-999
-999
-999
-999
-999
-999
-999
-999
-999
-999
-999
-999
-999
-999
-999
-999
-999
-999
-999
-999
-999
-999
-999
-999
-999
-999
-999
-999
-999
-999
-999
-999
-999
-999
-999
-999
-999
25.3273865416781
-999
-999
-999
-999
-999
-999
-999
-999
-999
-999
-999
-999
-999
-999
-999
-999
-999
-999
-999
-999
-999
-999
-999
-999
-999
25.5230455856018
-999
-999
-999
-999
-999
-999
-999
-999
25.7358785222568
25.2137065018767
-999
-999
-999
-999
-999
-999
-999
-999
-999
-999
-999
-999
-999
-999
-999
-999
-999
-999
-999
-999
-999
-999
-999
-999
-999
-999
-999
-999
-999
-999
-999
-999
-999
-999
-999
-999
-999
-999
-999
-999
-999
-999
-999
-999
-999
-999
-999
-999
-999
-999
-999
-999
-999
-999
-999
-999
-999
-999
-999
-999
-999
-999
-999
-999
-999
-999
-999
-999
-999
-999
-999
-999
-999
-999
-999
-999
-999
-999
-999
-999
-999
24.6339645216835
24.458676379061
24.3858688938472
24.6311611759236
-999
-999
-999
-999
-999
-999
-999
-999
-999
-999
-999
-999
-999
-999
-999
-999
-999
-999
-999
-999
-999
-999
-999
-999
-999
-999
-999
-999
-999
-999
-999
-999
-999
-999
24.6848446457133
-999
-999
-999
-999
-999
-999
-999
-999
-999
-999
-999
-999
-999
-999
-999
-999
-999
-999
-999
-999
-999
-999
-999
-999
-999
-999
-999
-999
-999
-999
-999
-999
-999
-999
-999
-999
-999
-999
-999
-999
-999
-999
-999
-999
-999
-999
-999
-999
-999
-999
-999
-999
-999
-999
-999
-999
-999
-999
-999
-999
-999
-999
-999
-999
-999
-999
-999
-999
-999
-999
-999
-999
-999
-999
-999
-999
-999
-999
-999
-999
-999
-999
24.8920534676057
24.7152651793007
24.5250396127107
24.9419797170111
25.8459347896992
25.7726166822759
25.5854063264812
25.1370683846225
24.3621335554043
24.1136464777101
23.7707079944929
-999
-999
-999
-999
-999
-999
-999
-999
-999
-999
-999
-999
-999
-999
-999
-999
-999
-999
-999
-999
-999
-999
-999
-999
-999
-999
24.8417351705891
24.9654256240742
-999
-999
-999
-999
-999
-999
-999
-999
-999
-999
-999
-999
-999
-999
-999
-999
-999
-999
-999
-999
-999
-999
-999
-999
-999
-999
-999
-999
-999
-999
-999
-999
-999
-999
-999
-999
-999
-999
-999
-999
-999
-999
-999
-999
-999
-999
-999
-999
-999
-999
-999
-999
-999
-999
-999
-999
-999
-999
-999
-999
-999
-999
-999
-999
-999
-999
-999
-999
-999
-999
-999
-999
-999
-999
-999
-999
-999
-999
-999
-999
25.7455791936204
26.0856179151417
26.4133435662298
26.511152694261
26.4913469000456
26.4279732055442
25.7496176660773
25.338585699823
-999
-999
-999
25.3738607511683
25.0233061029126
-999
-999
-999
-999
-999
-999
-999
-999
-999
-999
-999
-999
-999
-999
-999
-999
-999
-999
-999
-999
-999
-999
-999
-999
-999
-999
25.1007674812811
-999
-999
-999
-999
-999
-999
-999
-999
-999
-999
-999
-999
-999
-999
-999
-999
-999
-999
-999
-999
-999
-999
-999
-999
-999
-999
-999
-999
-999
-999
-999
-999
-999
-999
-999
-999
-999
-999
-999
-999
-999
-999
-999
-999
-999
-999
-999
-999
-999
-999
-999
-999
-999
-999
-999
-999
-999
-999
-999
-999
-999
-999
-999
-999
-999
-999
-999
-999
-999
-999
-999
-999
-999
-999
-999
-999
-999
-999
26.099473548941
-999
-999
-999
-999
-999
-999
-999
-999
-999
-999
-999
-999
-999
-999
-999
-999
-999
-999
-999
-999
-999
-999
-999
-999
-999
-999
-999
-999
-999
-999
-999
-999
-999
-999
-999
-999
-999
-999
-999
-999
-999
-999
-999
-999
-999
-999
-999
-999
-999
-999
-999
-999
-999
-999
-999
-999
-999
-999
-999
-999
-999
-999
-999
-999
-999
-999
-999
-999
-999
-999
-999
-999
-999
-999
-999
-999
-999
-999
-999
-999
-999
22.5449138837636
-999
-999
-999
-999
-999
-999
-999
-999
-999
-999
-999
-999
-999
-999
-999
-999
-999
-999
-999
-999
-999
-999
-999
-999
-999
-999
-999
-999
-999
-999
-999
-999
-999
-999
-999
-999
-999
-999
-999
-999
-999
-999
-999
-999
-999
-999
-999
-999
-999
-999
-999
-999
-999
-999
-999
-999
-999
-999
-999
-999
-999
-999
-999
-999
-999
-999
-999
-999
-999
-999
-999
-999
-999
-999
-999
-999
-999
-999
-999
-999
-999
-999
-999
-999
-999
-999
-999
-999
-999
-999
-999
-999
-999
-999
-999
-999
-999
-999
-999
-999
-999
-999
-999
-999
-999
-999
-999
-999
-999
-999
-999
-999
-999
-999
-999
-999
-999
-999
-999
-999
-999
-999
-999
-999
-999
-999
-999
-999
-999
-999
-999
-999
-999
-999
-999
-999
-999
-999
-999
-999
-999
-999
-999
-999
-999
-999
-999
-999
-999
-999
-999
-999
-999
-999
-999
-999
-999
-999
-999
-999
-999
-999
-999
-999
-999
-999
-999
-999
-999
-999
-999
-999
-999
-999
-999
-999
-999
-999
-999
-999
-999
-999
-999
-999
-999
-999
-999
-999
-999
-999
-999
-999
-999
-999
-999
-999
-999
-999
-999
26.279638712509
26.4533534515252
-999
-999
-999
-999
-999
-999
-999
-999
-999
-999
-999
-999
-999
-999
-999
-999
-999
-999
-999
-999
-999
-999
-999
-999
-999
-999
-999
-999
-999
-999
-999
-999
-999
-999
-999
-999
-999
-999
-999
-999
-999
-999
-999
-999
-999
-999
-999
-999
-999
-999
-999
-999
-999
-999
-999
-999
-999
-999
-999
-999
-999
-999
-999
-999
-999
-999
-999
-999
-999
-999
-999
-999
-999
-999
-999
-999
-999
-999
-999
-999
-999
-999
-999
-999
-999
-999
-999
-999
-999
-999
-999
-999
-999
-999
-999
-999
-999
-999
-999
-999
-999
-999
-999
-999
-999
-999
-999
-999
-999
-999
-999
-999
-999
-999
-999
-999
-999
-999
-999
26.3926593393967
26.4454402226878
25.7175718861785
-999
-999
-999
-999
-999
-999
-999
-999
-999
-999
-999
-999
-999
-999
-999
-999
-999
-999
-999
-999
-999
-999
-999
-999
-999
-999
-999
-999
-999
-999
-999
-999
-999
-999
-999
-999
-999
-999
-999
-999
-999
-999
-999
-999
-999
-999
-999
-999
-999
-999
-999
-999
-999
-999
-999
-999
-999
-999
-999
-999
-999
-999
-999
-999
-999
-999
-999
-999
-999
-999
-999
-999
-999
-999
-999
-999
-999
-999
-999
-999
-999
-999
-999
-999
-999
-999
-999
-999
-999
-999
-999
-999
-999
-999
-999
-999
-999
-999
-999
-999
-999
-999
-999
-999
-999
-999
-999
-999
-999
-999
-999
-999
-999
-999
-999
-999
-999
-999
25.2094725494871
25.1631232445349
25.1008510333945
25.739334370674
25.7781795754834
25.5494925597465
-999
-999
-999
-999
-999
-999
-999
-999
-999
-999
-999
-999
-999
-999
-999
-999
-999
-999
-999
-999
-999
-999
-999
-999
-999
-999
-999
-999
-999
-999
-999
-999
-999
-999
-999
-999
-999
-999
-999
-999
-999
-999
-999
-999
-999
-999
-999
-999
-999
-999
-999
-999
-999
-999
-999
-999
-999
-999
-999
-999
-999
-999
-999
-999
-999
-999
-999
-999
-999
-999
-999
-999
-999
-999
-999
-999
-999
-999
-999
-999
-999
-999
-999
-999
-999
-999
-999
-999
-999
-999
-999
-999
-999
-999
-999
-999
-999
-999
-999
-999
-999
-999
-999
-999
-999
-999
-999
-999
-999
-999
-999
-999
-999
-999
25.2254461289094
25.0526995355503
-999
-999
-999
26.2422741466122
26.430274928558
-999
-999
-999
-999
-999
-999
-999
-999
-999
-999
-999
-999
-999
-999
-999
-999
-999
-999
-999
-999
-999
-999
-999
-999
-999
-999
-999
-999
-999
-999
-999
-999
-999
-999
-999
-999
-999
-999
-999
-999
-999
-999
-999
-999
-999
-999
-999
-999
-999
-999
-999
-999
-999
-999
-999
-999
-999
-999
-999
-999
-999
-999
-999
-999
-999
-999
-999
-999
-999
-999
-999
-999
-999
-999
-999
-999
-999
-999
-999
-999
-999
-999
-999
-999
-999
-999
-999
-999
-999
-999
-999
-999
-999
-999
-999
-999
-999
-999
-999
-999
-999
-999
-999
-999
-999
-999
-999
-999
-999
-999
-999
-999
-999
-999
-999
-999
-999
-999
-999
-999
-999
-999
-999
-999
-999
-999
-999
-999
-999
-999
-999
-999
-999
-999
-999
-999
-999
-999
-999
-999
-999
-999
-999
-999
-999
-999
-999
-999
-999
-999
-999
-999
-999
-999
-999
-999
-999
-999
-999
-999
-999
-999
-999
-999
-999
-999
-999
-999
-999
-999
-999
-999
-999
-999
-999
-999
-999
-999
-999
-999
-999
-999
-999
-999
-999
-999
-999
-999
-999
-999
-999
-999
-999
-999
-999
-999
-999
-999
-999
-999
-999
-999
-999
-999
-999
-999
-999
-999
-999
-999
-999
-999
-999
-999
-999
-999
-999
-999
-999
-999
-999
-999
-999
-999
-999
-999
-999
-999
-999
-999
-999
-999
-999
-999
-999
-999
-999
-999
-999
-999
-999
-999
-999
-999
-999
-999
-999
-999
-999
-999
-999
-999
-999
-999
-999
-999
-999
-999
-999
-999
-999
-999
-999
-999
-999
-999
-999
-999
-999
-999
-999
-999
-999
-999
-999
-999
-999
-999
-999
-999
-999
-999
-999
-999
-999
-999
-999
-999
-999
-999
-999
-999
-999
-999
-999
-999
-999
-999
-999
-999
-999
-999
-999
-999
-999
-999
-999
-999
-999
-999
-999
-999
-999
-999
-999
-999
-999
-999
-999
-999
-999
-999
-999
-999
-999
-999
-999
-999
-999
-999
-999
-999
-999
-999
-999
-999
-999
-999
-999
-999
-999
-999
-999
-999
25.0094256373508
25.1570614254006
24.7168339341882
-999
-999
-999
-999
-999
-999
-999
-999
-999
-999
-999
-999
-999
25.679439159865
-999
-999
-999
-999
-999
-999
-999
-999
-999
-999
-999
-999
-999
-999
-999
-999
-999
-999
-999
-999
-999
-999
-999
-999
-999
-999
-999
-999
-999
-999
-999
-999
-999
-999
-999
-999
-999
-999
-999
-999
-999
-999
-999
-999
-999
-999
-999
-999
-999
-999
-999
-999
-999
-999
-999
-999
-999
-999
-999
-999
-999
-999
-999
-999
-999
-999
-999
-999
-999
-999
-999
-999
-999
-999
-999
-999
-999
-999
-999
-999
-999
-999
-999
-999
-999
-999
-999
-999
-999
-999
-999
-999
-999
-999
-999
-999
-999
-999
-999
-999
-999
-999
-999
-999
25.1228826467982
24.7464305003813
24.2622330614112
-999
-999
-999
-999
-999
-999
-999
-999
-999
-999
-999
-999
-999
-999
-999
-999
-999
-999
-999
-999
-999
-999
-999
-999
-999
-999
-999
-999
-999
-999
-999
-999
-999
-999
-999
-999
-999
22.9589353423675
-999
-999
-999
-999
-999
-999
-999
-999
-999
-999
-999
-999
-999
-999
-999
-999
-999
-999
-999
-999
-999
-999
-999
-999
-999
-999
-999
-999
-999
-999
-999
-999
-999
-999
-999
-999
-999
-999
-999
-999
-999
-999
-999
-999
-999
-999
-999
-999
-999
-999
-999
-999
-999
-999
-999
-999
-999
-999
-999
-999
-999
-999
-999
-999
-999
-999
-999
-999
-999
-999
-999
-999
-999
-999
-999
-999
-999
-999
-999
-999
25.3404743784106
24.9202964825834
24.4550163813768
24.479613771033
24.5864233844104
24.7003743931546
-999
-999
-999
-999
-999
-999
-999
-999
-999
25.7657889460947
-999
-999
-999
-999
-999
-999
-999
-999
-999
-999
-999
-999
-999
-999
-999
-999
-999
-999
-999
-999
-999
-999
-999
-999
-999
-999
-999
-999
-999
-999
-999
-999
-999
-999
-999
-999
-999
-999
-999
-999
-999
-999
-999
-999
-999
-999
-999
-999
-999
-999
-999
-999
-999
-999
-999
-999
-999
-999
-999
-999
-999
-999
-999
-999
-999
-999
-999
-999
-999
-999
-999
-999
-999
-999
-999
-999
-999
-999
-999
-999
-999
-999
-999
-999
-999
-999
-999
-999
-999
-999
-999
-999
-999
-999
-999
-999
-999
-999
-999
-999
-999
-999
-999
-999
-999
24.7701734064653
25.5932022585495
25.799344285187
25.174094238844
-999
-999
-999
-999
-999
-999
-999
-999
-999
-999
26.6288197378451
26.2590641985516
-999
-999
-999
-999
-999
-999
-999
-999
-999
-999
-999
-999
-999
-999
-999
-999
-999
-999
-999
-999
-999
-999
-999
-999
-999
-999
-999
-999
-999
-999
-999
-999
-999
-999
-999
-999
-999
-999
-999
-999
-999
-999
-999
-999
-999
-999
-999
-999
-999
-999
-999
-999
-999
-999
-999
-999
-999
-999
-999
-999
-999
-999
-999
-999
-999
-999
-999
-999
-999
-999
-999
-999
-999
-999
-999
-999
-999
-999
-999
-999
-999
-999
-999
-999
-999
-999
-999
-999
-999
-999
-999
-999
-999
-999
-999
-999
-999
-999
-999
-999
-999
-999
-999
-999
-999
-999
-999
-999
-999
-999
-999
-999
-999
-999
-999
-999
-999
-999
-999
25.7939594491819
25.9754964534201
-999
-999
-999
-999
-999
-999
-999
-999
-999
-999
-999
-999
-999
-999
-999
-999
-999
-999
-999
-999
-999
-999
-999
-999
-999
-999
-999
-999
-999
-999
-999
-999
-999
-999
-999
-999
-999
-999
-999
-999
-999
-999
-999
-999
-999
-999
-999
-999
-999
-999
-999
-999
-999
-999
-999
-999
-999
-999
-999
-999
-999
-999
-999
-999
-999
-999
-999
-999
-999
-999
-999
-999
-999
-999
-999
-999
-999
-999
-999
-999
-999
-999
-999
-999
-999
-999
-999
-999
-999
-999
-999
-999
-999
-999
-999
-999
-999
-999
-999
-999
-999
-999
-999
-999
-999
-999
-999
-999
-999
-999
-999
-999
-999
-999
-999
-999
-999
-999
-999
26.0768345431687
26.1086141887756
-999
-999
-999
-999
-999
-999
-999
-999
-999
-999
-999
-999
-999
-999
-999
-999
-999
-999
-999
-999
-999
-999
-999
-999
-999
-999
-999
-999
-999
-999
-999
-999
-999
-999
-999
-999
-999
-999
-999
-999
-999
-999
-999
-999
-999
-999
-999
-999
-999
-999
-999
-999
-999
-999
-999
-999
-999
-999
-999
-999
-999
-999
-999
-999
-999
-999
-999
-999
-999
-999
-999
-999
-999
-999
-999
-999
-999
-999
-999
-999
-999
-999
-999
-999
-999
-999
-999
-999
-999
-999
-999
-999
-999
-999
-999
-999
-999
-999
-999
-999
-999
-999
-999
-999
-999
-999
-999
-999
-999
-999
-999
-999
-999
-999
-999
-999
-999
-999
26.200925942046
26.097470810096
25.9307307289685
-999
-999
-999
-999
-999
-999
-999
-999
-999
-999
-999
-999
-999
-999
-999
-999
-999
-999
-999
-999
-999
-999
-999
-999
-999
-999
-999
-999
-999
-999
-999
-999
-999
-999
-999
-999
-999
-999
-999
-999
-999
-999
-999
-999
-999
-999
-999
-999
-999
-999
-999
-999
-999
-999
-999
-999
-999
-999
-999
-999
-999
-999
-999
-999
-999
-999
-999
-999
-999
-999
-999
-999
-999
-999
-999
-999
-999
-999
-999
-999
-999
-999
-999
-999
-999
-999
-999
-999
-999
-999
-999
-999
-999
-999
-999
-999
-999
-999
-999
-999
-999
-999
-999
-999
-999
-999
-999
-999
-999
-999
-999
-999
-999
-999
-999
-999
-999
-999
25.8829910780291
25.9430999113744
25.9082701263365
-999
-999
-999
-999
-999
-999
-999
-999
-999
-999
-999
-999
-999
-999
-999
-999
-999
-999
-999
-999
-999
-999
-999
-999
-999
-999
-999
-999
-999
-999
-999
-999
-999
-999
-999
-999
-999
-999
-999
-999
-999
-999
-999
-999
-999
-999
-999
-999
-999
-999
-999
-999
-999
-999
-999
-999
-999
-999
-999
-999
-999
-999
-999
-999
-999
-999
-999
-999
-999
-999
-999
-999
-999
-999
-999
-999
-999
-999
-999
-999
-999
-999
-999
-999
-999
-999
-999
-999
-999
-999
-999
-999
-999
-999
-999
-999
-999
-999
-999
-999
-999
-999
-999
-999
-999
-999
-999
-999
-999
-999
-999
-999
-999
-999
-999
-999
-999
-999
25.8450155108714
25.9560157648251
25.9243342228927
-999
-999
-999
-999
-999
-999
-999
-999
-999
-999
-999
-999
-999
-999
-999
-999
-999
-999
-999
-999
-999
-999
-999
-999
-999
-999
-999
-999
-999
-999
-999
-999
-999
-999
-999
-999
-999
-999
-999
-999
-999
-999
-999
-999
-999
-999
-999
-999
-999
-999
-999
-999
-999
-999
-999
-999
-999
-999
-999
-999
-999
-999
-999
-999
-999
-999
-999
-999
-999
-999
-999
-999
-999
-999
-999
-999
-999
-999
-999
-999
-999
-999
-999
-999
-999
-999
-999
-999
-999
-999
-999
-999
-999
-999
-999
-999
-999
-999
-999
-999
-999
-999
-999
-999
-999
-999
-999
-999
-999
-999
-999
-999
-999
-999
-999
-999
-999
-999
26.2442694896967
26.2743325943823
26.1504934319291
-999
-999
-999
-999
-999
-999
-999
-999
-999
-999
-999
-999
-999
-999
-999
-999
-999
-999
-999
-999
-999
-999
-999
-999
-999
23.9367323911513
-999
-999
-999
-999
-999
-999
-999
-999
-999
-999
-999
-999
-999
-999
-999
-999
-999
-999
-999
-999
-999
-999
-999
-999
-999
-999
-999
-999
-999
-999
-999
-999
-999
-999
-999
-999
-999
-999
-999
-999
-999
-999
-999
-999
-999
-999
-999
-999
-999
-999
-999
-999
-999
-999
-999
-999
-999
-999
-999
-999
-999
-999
-999
-999
-999
-999
-999
-999
-999
-999
-999
-999
-999
-999
-999
-999
-999
-999
-999
-999
-999
-999
-999
-999
-999
-999
-999
-999
-999
-999
-999
-999
-999
-999
-999
-999
-999
-999
-999
-999
-999
-999
-999
-999
-999
-999
-999
-999
-999
-999
-999
-999
-999
-999
-999
-999
-999
-999
-999
-999
-999
-999
-999
-999
-999
-999
-999
-999
-999
-999
-999
-999
-999
-999
-999
-999
-999
-999
-999
-999
-999
-999
-999
-999
-999
-999
-999
-999
-999
-999
-999
-999
-999
-999
-999
-999
-999
-999
-999
-999
-999
-999
-999
-999
-999
-999
-999
-999
-999
-999
-999
-999
-999
-999
-999
-999
-999
-999
-999
-999
-999
-999
-999
-999
-999
-999
-999
-999
-999
-999
-999
-999
-999
-999
-999
-999
-999
-999
-999
-999
-999
-999
-999
-999
-999
-999
-999
-999
-999
-999
-999
-999
-999
-999
-999
-999
-999
-999
-999
-999
-999
-999
-999
25.1026525871527
-999
-999
-999
-999
-999
-999
-999
-999
-999
-999
-999
-999
-999
-999
-999
-999
-999
-999
-999
-999
-999
-999
-999
-999
-999
-999
-999
-999
-999
-999
-999
-999
-999
-999
-999
-999
-999
-999
-999
-999
-999
-999
-999
-999
-999
-999
-999
-999
-999
-999
-999
-999
-999
-999
-999
-999
-999
-999
-999
-999
-999
-999
-999
-999
-999
-999
-999
-999
-999
-999
-999
-999
-999
-999
-999
-999
-999
-999
-999
-999
-999
-999
-999
-999
-999
-999
-999
-999
-999
-999
-999
-999
-999
-999
-999
-999
-999
-999
-999
-999
-999
-999
-999
-999
-999
-999
-999
-999
-999
-999
-999
-999
-999
-999
-999
-999
-999
-999
-999
-999
-999
-999
-999
-999
-999
-999
-999
-999
-999
-999
-999
-999
-999
-999
-999
-999
-999
-999
-999
-999
-999
-999
-999
-999
-999
-999
-999
-999
-999
-999
-999
-999
-999
-999
-999
-999
-999
-999
-999
-999
-999
-999
-999
-999
-999
-999
-999
-999
-999
-999
-999
-999
-999
-999
-999
-999
-999
-999
-999
-999
-999
-999
-999
-999
-999
-999
-999
-999
-999
-999
-999
-999
-999
-999
-999
-999
-999
-999
-999
-999
-999
-999
-999
-999
-999
-999
-999
-999
-999
-999
-999
-999
-999
-999
-999
-999
-999
-999
-999
-999
-999
-999
-999
-999
-999
-999
-999
-999
-999
-999
-999
-999
-999
-999
-999
-999
-999
-999
-999
-999
-999
-999
-999
-999
-999
-999
-999
-999
-999
-999
-999
-999
22.8697366063549
-999
-999
-999
-999
-999
-999
-999
-999
-999
-999
-999
-999
-999
-999
-999
-999
-999
-999
-999
-999
-999
-999
-999
-999
-999
-999
-999
-999
-999
-999
-999
-999
-999
-999
-999
-999
-999
-999
-999
-999
-999
-999
-999
-999
-999
-999
-999
-999
-999
-999
-999
-999
-999
-999
-999
-999
-999
-999
-999
-999
-999
-999
-999
-999
-999
-999
-999
-999
-999
-999
-999
-999
-999
-999
-999
-999
-999
-999
-999
-999
-999
-999
-999
-999
-999
-999
-999
-999
-999
-999
-999
-999
-999
-999
-999
-999
-999
-999
-999
-999
-999
-999
-999
-999
-999
-999
-999
-999
-999
-999
-999
24.9934761838616
-999
-999
-999
-999
-999
-999
-999
-999
-999
-999
-999
-999
-999
-999
-999
-999
-999
-999
-999
-999
-999
-999
-999
-999
-999
-999
-999
-999
-999
-999
-999
-999
-999
-999
-999
-999
-999
-999
-999
-999
-999
-999
-999
-999
-999
-999
-999
-999
-999
-999
-999
-999
-999
-999
-999
-999
-999
-999
-999
-999
-999
-999
-999
-999
-999
-999
-999
-999
-999
-999
-999
-999
-999
-999
-999
-999
-999
-999
-999
-999
-999
-999
-999
-999
-999
-999
-999
-999
-999
-999
-999
-999
-999
-999
-999
-999
-999
-999
-999
-999
-999
-999
-999
-999
-999
-999
-999
-999
-999
-999
-999
-999
-999
-999
-999
-999
-999
-999
-999
-999
24.8472531228505
-999
-999
-999
-999
-999
-999
-999
-999
-999
-999
-999
-999
-999
-999
-999
-999
-999
-999
-999
-999
-999
-999
-999
-999
-999
-999
-999
-999
-999
-999
-999
-999
-999
-999
-999
-999
-999
-999
-999
-999
-999
-999
-999
-999
-999
-999
-999
-999
-999
-999
-999
-999
-999
-999
-999
-999
-999
-999
-999
-999
-999
-999
-999
-999
-999
-999
-999
-999
-999
-999
-999
-999
-999
-999
-999
-999
-999
-999
-999
-999
-999
-999
-999
-999
-999
-999
-999
-999
-999
-999
-999
-999
-999
-999
-999
-999
-999
-999
-999
-999
-999
-999
-999
-999
-999
-999
-999
-999
-999
-999
-999
-999
-999
-999
-999
-999
-999
-999
-999
-999
25.0553188264474
-999
-999
-999
-999
-999
-999
-999
-999
-999
-999
-999
-999
-999
-999
-999
-999
-999
-999
-999
-999
-999
-999
-999
-999
-999
-999
-999
-999
-999
-999
-999
-999
-999
-999
-999
-999
-999
-999
-999
-999
-999
-999
-999
-999
-999
-999
-999
-999
-999
-999
-999
-999
-999
-999
-999
-999
-999
-999
-999
-999
-999
-999
-999
-999
-999
-999
-999
-999
-999
-999
-999
-999
-999
-999
-999
-999
-999
-999
-999
-999
-999
-999
-999
-999
-999
-999
-999
-999
-999
-999
-999
-999
-999
-999
-999
-999
-999
-999
-999
-999
-999
-999
-999
-999
-999
-999
-999
-999
-999
-999
-999
-999
-999
-999
-999
-999
-999
-999
-999
-999
-999
-999
-999
-999
-999
-999
-999
-999
-999
23.3402138881912
22.9998310544911
-999
-999
-999
23.1057659064524
-999
-999
-999
-999
-999
-999
-999
-999
-999
-999
-999
-999
-999
-999
-999
-999
-999
-999
-999
-999
-999
-999
-999
-999
-999
-999
-999
-999
-999
-999
-999
-999
-999
-999
-999
-999
-999
-999
-999
-999
-999
-999
-999
-999
-999
-999
-999
-999
-999
-999
-999
-999
-999
-999
-999
-999
-999
-999
-999
-999
-999
-999
-999
-999
-999
-999
-999
-999
-999
-999
-999
-999
-999
-999
-999
-999
-999
-999
-999
-999
-999
-999
-999
-999
-999
-999
-999
-999
-999
-999
-999
-999
-999
-999
-999
-999
-999
-999
-999
-999
-999
-999
-999
-999
-999
-999
-999
-999
-999
-999
-999
-999
-999
-999
-999
-999
23.766282436005
24.0269771710971
23.3294922317729
-999
-999
-999
-999
-999
-999
-999
-999
-999
-999
-999
-999
-999
-999
-999
-999
-999
-999
-999
-999
-999
-999
-999
-999
-999
-999
-999
-999
-999
-999
-999
-999
-999
-999
-999
-999
-999
-999
-999
-999
-999
-999
-999
-999
-999
-999
-999
-999
-999
-999
-999
-999
-999
-999
-999
-999
-999
-999
-999
-999
-999
-999
-999
-999
-999
-999
-999
-999
-999
-999
-999
-999
-999
-999
-999
-999
-999
-999
-999
-999
-999
-999
-999
-999
-999
-999
-999
-999
-999
-999
-999
-999
-999
-999
-999
-999
-999
-999
-999
-999
-999
-999
-999
-999
-999
-999
-999
-999
-999
-999
-999
-999
-999
-999
-999
-999
-999
-999
-999
23.8043310448219
-999
-999
-999
-999
-999
-999
-999
-999
-999
-999
-999
-999
-999
-999
-999
-999
-999
-999
-999
-999
-999
-999
-999
-999
-999
-999
-999
-999
-999
-999
-999
-999
-999
-999
-999
-999
-999
-999
-999
-999
-999
-999
-999
-999
-999
-999
-999
-999
-999
-999
-999
-999
-999
-999
-999
-999
-999
-999
-999
-999
-999
-999
-999
-999
-999
-999
-999
-999
-999
-999
-999
-999
-999
-999
-999
-999
-999
-999
-999
-999
-999
-999
-999
-999
-999
-999
-999
-999
-999
-999
-999
-999
-999
-999
-999
-999
-999
-999
-999
-999
-999
-999
-999
-999
-999
-999
-999
-999
-999
-999
-999
-999
-999
-999
-999
-999
-999
-999
-999
-999
-999
-999
-999
-999
-999
-999
-999
-999
-999
-999
-999
-999
-999
-999
-999
-999
-999
-999
-999
-999
-999
-999
-999
-999
-999
-999
-999
-999
-999
-999
-999
-999
-999
-999
-999
-999
-999
-999
-999
-999
-999
-999
-999
-999
-999
-999
-999
-999
-999
-999
-999
-999
-999
-999
-999
-999
-999
-999
-999
-999
-999
-999
-999
-999
-999
-999
-999
-999
-999
-999
-999
-999
-999
-999
-999
-999
-999
-999
-999
-999
-999
-999
-999
-999
-999
-999
-999
-999
-999
-999
-999
-999
-999
-999
-999
-999
-999
-999
-999
-999
-999
-999
-999
-999
-999
-999
-999
-999
-999
-999
-999
-999
-999
-999
-999
-999
-999
-999
-999
-999
-999
-999
-999
-999
-999
-999
-999
-999
-999
-999
-999
-999
-999
-999
-999
-999
-999
-999
-999
-999
-999
-999
-999
-999
-999
-999
-999
-999
-999
-999
-999
-999
-999
-999
-999
-999
-999
-999
-999
-999
-999
-999
-999
-999
-999
-999
-999
-999
-999
-999
-999
-999
-999
-999
-999
-999
-999
-999
-999
-999
-999
-999
-999
-999
-999
-999
-999
-999
-999
-999
-999
-999
-999
-999
-999
-999
-999
-999
-999
-999
-999
-999
-999
-999
-999
-999
-999
-999
-999
-999
-999
-999
-999
-999
-999
-999
-999
-999
-999
-999
-999
-999
-999
-999
-999
-999
-999
-999
-999
-999
-999
-999
-999
-999
-999
-999
-999
-999
-999
-999
-999
-999
-999
-999
-999
-999
-999
-999
-999
-999
-999
-999
-999
-999
-999
-999
-999
-999
-999
-999
-999
-999
-999
-999
-999
-999
-999
-999
-999
-999
-999
-999
-999
-999
-999
-999
-999
-999
-999
-999
-999
-999
-999
-999
-999
-999
-999
-999
-999
-999
-999
-999
-999
-999
-999
-999
-999
-999
-999
-999
-999
-999
-999
-999
-999
-999
-999
-999
-999
-999
-999
-999
-999
-999
-999
-999
-999
-999
-999
-999
-999
-999
-999
-999
-999
-999
-999
-999
-999
-999
-999
-999
-999
-999
-999
-999
-999
-999
-999
-999
-999
-999
-999
-999
-999
-999
-999
-999
-999
-999
-999
-999
-999
-999
-999
-999
-999
-999
-999
-999
-999
-999
-999
-999
-999
-999
-999
-999
-999
-999
-999
-999
-999
-999
-999
-999
-999
-999
-999
-999
-999
-999
-999
-999
-999
-999
-999
-999
-999
-999
-999
-999
-999
-999
-999
-999
-999
-999
-999
-999
-999
-999
-999
-999
-999
-999
-999
-999
-999
-999
-999
-999
-999
-999
-999
-999
-999
-999
-999
-999
-999
-999
-999
-999
-999
-999
-999
-999
-999
-999
-999
-999
-999
-999
-999
-999
-999
-999
-999
-999
-999
-999
-999
-999
-999
-999
-999
-999
-999
-999
-999
-999
-999
-999
-999
-999
-999
-999
-999
-999
-999
-999
-999
-999
-999
-999
-999
-999
-999
-999
-999
-999
-999
-999
-999
-999
-999
-999
-999
-999
-999
-999
-999
-999
-999
-999
-999
-999
-999
-999
-999
-999
-999
-999
-999
-999
-999
-999
-999
-999
-999
-999
-999
-999
-999
-999
-999
-999
-999
-999
-999
-999
-999
-999
-999
-999
-999
-999
-999
-999
-999
-999
-999
-999
-999
-999
-999
-999
-999
-999
-999
-999
-999
-999
-999
-999
-999
-999
-999
-999
-999
-999
-999
-999
-999
-999
-999
-999
-999
-999
-999
-999
-999
-999
-999
-999
-999
-999
-999
-999
-999
-999
-999
-999
-999
-999
-999
-999
-999
-999
-999
-999
-999
-999
-999
-999
-999
-999
-999
-999
-999
-999
-999
-999
-999
-999
-999
-999
-999
-999
-999
-999
-999
-999
-999
-999
-999
-999
-999
-999
-999
-999
-999
-999
-999
-999
-999
-999
-999
-999
-999
-999
-999
-999
-999
-999
-999
-999
-999
-999
-999
-999
-999
-999
-999
-999
-999
-999
-999
-999
-999
-999
-999
-999
-999
-999
-999
-999
-999
-999
-999
-999
-999
-999
-999
-999
-999
-999
-999
-999
-999
-999
-999
-999
-999
-999
-999
-999
-999
-999
-999
-999
-999
-999
-999
-999
-999
-999
-999
-999
-999
-999
-999
-999
-999
-999
-999
-999
-999
-999
-999
-999
-999
-999
-999
-999
-999
-999
-999
-999
-999
-999
-999
-999
-999
-999
-999
-999
-999
-999
-999
-999
-999
-999
-999
-999
-999
-999
-999
-999
-999
-999
-999
-999
-999
-999
-999
-999
-999
-999
-999
-999
-999
-999
-999
-999
-999
-999
-999
-999
-999
-999
-999
-999
-999
-999
-999
-999
-999
-999
-999
-999
-999
-999
-999
-999
-999
-999
-999
-999
-999
-999
-999
-999
-999
-999
-999
-999
-999
-999
-999
-999
-999
-999
-999
-999
-999
-999
-999
-999
-999
-999
-999
-999
-999
-999
-999
-999
-999
-999
-999
-999
-999
-999
-999
-999
-999
-999
-999
-999
-999
-999
-999
-999
-999
-999
-999
-999
-999
-999
-999
-999
-999
-999
-999
-999
-999
-999
-999
-999
-999
-999
-999
-999
-999
-999
-999
-999
-999
-999
-999
-999
-999
-999
-999
-999
-999
-999
-999
-999
-999
-999
-999
-999
-999
-999
-999
-999
-999
-999
-999
-999
-999
-999
-999
-999
-999
-999
-999
-999
-999
-999
-999
-999
-999
-999
-999
-999
-999
-999
-999
-999
-999
-999
-999
-999
-999
-999
-999
-999
-999
-999
-999
-999
-999
-999
-999
-999
-999
-999
-999
-999
-999
-999
-999
-999
-999
-999
-999
-999
-999
-999
-999
-999
-999
-999
-999
-999
-999
-999
-999
-999
-999
-999
-999
-999
-999
-999
-999
-999
-999
-999
-999
-999
-999
-999
-999
-999
-999
-999
-999
-999
-999
-999
-999
-999
-999
-999
-999
-999
-999
-999
-999
-999
-999
-999
-999
-999
-999
-999
-999
-999
-999
-999
-999
-999
-999
-999
-999
-999
-999
-999
-999
-999
-999
-999
-999
-999
-999
-999
-999
-999
-999
-999
-999
-999
-999
-999
-999
-999
-999
-999
-999
-999
-999
-999
-999
-999
-999
-999
-999
-999
-999
-999
-999
-999
-999
-999
-999
-999
-999
-999
-999
-999
-999
-999
-999
-999
-999
-999
-999
-999
-999
-999
-999
-999
-999
-999
-999
-999
-999
-999
-999
-999
-999
-999
-999
-999
-999
-999
-999
-999
-999
-999
-999
-999
-999
-999
-999
-999
-999
-999
-999
-999
-999
-999
-999
-999
-999
-999
-999
-999
-999
-999
-999
-999
-999
-999
-999
-999
-999
-999
-999
-999
-999
-999
-999
-999
-999
-999
-999
-999
-999
-999
-999
-999
-999
-999
-999
-999
-999
-999
-999
-999
-999
-999
-999
-999
-999
-999
-999
-999
-999
-999
-999
-999
-999
-999
-999
-999
-999
-999
-999
-999
-999
-999
-999
-999
-999
-999
-999
-999
-999
-999
-999
-999
-999
-999
-999
-999
-999
-999
-999
-999
-999
-999
-999
-999
-999
-999
-999
-999
-999
-999
-999
-999
-999
-999
-999
-999
-999
-999
-999
-999
-999
-999
-999
-999
-999
-999
-999
-999
-999
-999
-999
-999
-999
-999
-999
-999
-999
-999
-999
-999
-999
-999
-999
-999
-999
-999
-999
-999
-999
-999
-999
-999
-999
-999
-999
-999
-999
-999
-999
-999
-999
-999
-999
-999
-999
-999
-999
-999
-999
-999
-999
-999
-999
-999
-999
-999
-999
-999
-999
-999
-999
-999
-999
-999
-999
-999
-999
-999
-999
-999
-999
-999
-999
-999
-999
-999
-999
-999
-999
-999
-999
-999
-999
-999
-999
-999
-999
-999
-999
-999
-999
-999
-999
-999
-999
-999
-999
-999
-999
-999
-999
-999
-999
-999
-999
-999
-999
-999
-999
-999
-999
-999
-999
-999
-999
-999
-999
-999
-999
-999
-999
-999
-999
-999
-999
-999
-999
-999
-999
-999
-999
-999
-999
-999
-999
-999
-999
-999
-999
-999
-999
-999
-999
-999
-999
-999
-999
-999
-999
-999
-999
-999
-999
-999
-999
-999
-999
-999
-999
-999
-999
-999
-999
-999
-999
-999
-999
-999
-999
-999
-999
-999
-999
-999
-999
-999
-999
-999
-999
-999
-999
-999
-999
-999
-999
-999
-999
-999
-999
-999
-999
-999
-999
-999
-999
-999
-999
-999
-999
-999
-999
-999
-999
-999
-999
-999
-999
-999
-999
-999
-999
-999
-999
-999
-999
-999
-999
-999
-999
-999
-999
-999
-999
-999
-999
-999
-999
-999
-999
-999
-999
-999
-999
-999
-999
-999
-999
-999
-999
-999
-999
-999
-999
-999
-999
-999
-999
-999
-999
-999
-999
-999
-999
