-999
-999
-999
-999
-999
-999
-999
-999
-999
-999
-999
-999
-999
-999
-999
-999
-999
-999
-999
-999
-999
-999
-999
-999
-999
-999
-999
-999
-999
-999
-999
-999
-999
-999
-999
-999
-999
-999
-999
-999
-999
-999
-999
-999
-999
-999
-999
-999
-999
-999
-999
-999
-999
-999
-999
-999
-999
-999
-999
-999
-999
-999
-999
-999
-999
-999
-999
-999
-999
-999
-999
-999
-999
-999
-999
23.7247
23.0004
23.1667
-999
24.2102
24.6076
25.3857
25.3599
25.1878
25.0716
25.0121
24.9733
24.9016
25.4632
25.4933
25.3692
25.3334
25.1003
25.035
24.9726
24.9956
24.9877
24.8371
24.8937
24.8285
24.8937
25.1648
25.0759
24.8428
24.7503
24.8736
24.8062
24.86
24.8091
24.9303
24.9403
24.9052
24.9023
24.9662
25.1849
25.1562
25.1383
25.0042
24.9956
25.0501
25.1089
-999
-999
-999
-999
-999
-999
-999
-999
-999
-999
-999
-999
-999
-999
-999
-999
-999
-999
-999
-999
-999
-999
-999
-999
-999
-999
-999
-999
-999
-999
-999
-999
-999
-999
-999
-999
-999
-999
-999
-999
-999
-999
-999
-999
-999
-999
-999
-999
-999
-999
-999
-999
-999
-999
-999
-999
-999
-999
-999
21.5201
-999
-999
-999
-999
-999
-999
-999
-999
-999
-999
-999
-999
-999
-999
23.6953
23.5899
23.4601
23.6702
23.6652
23.3052
-999
25.0293
25.248
25.5248
25.4503
25.2408
25.0135
24.9489
24.7223
24.6986
25.3692
25.0881
24.9827
24.9317
24.9281
24.9633
24.9454
24.9073
24.8966
24.8227
24.9188
25.1784
24.936
24.6807
24.6714
24.789
24.7388
24.8385
24.7883
24.9303
24.9009
24.8995
24.936
24.9525
25.1318
25.1512
25.0773
25.0214
25.0113
25.0264
25.1619
-999
-999
-999
-999
-999
-999
-999
-999
-999
-999
-999
-999
-999
-999
-999
-999
-999
-999
-999
-999
-999
-999
-999
-999
-999
-999
-999
-999
-999
-999
-999
-999
-999
-999
-999
-999
-999
-999
-999
-999
-999
-999
-999
-999
-999
-999
-999
-999
-999
-999
-999
-999
-999
-999
-999
-999
-999
-999
-999
-999
-999
-999
-999
-999
-999
-999
-999
-999
-999
-999
-999
-999
-999
-999
23.6437
23.5899
23.5304
23.8717
24.145
23.8201
23.3231
24.8026
25.22
25.4373
25.4488
25.2408
25.101
24.9303
24.8643
24.845
24.7402
24.9547
24.8665
24.9281
24.9152
24.9009
25.0429
24.9073
24.903
24.827
24.9238
25.0974
24.8844
24.642
24.6205
24.6814
24.6972
24.8277
24.8815
25.035
24.8464
24.8751
24.8679
25.0329
25.1533
25.1612
25.1067
24.9905
25.0113
25.0027
25.1584
-999
-999
-999
-999
-999
-999
-999
-999
-999
-999
-999
-999
-999
-999
-999
-999
-999
-999
-999
-999
-999
-999
-999
-999
-999
-999
-999
-999
-999
-999
-999
-999
-999
-999
-999
-999
-999
-999
-999
-999
-999
-999
-999
-999
-999
-999
-999
-999
-999
-999
-999
-999
-999
-999
-999
-999
-999
-999
-999
-999
-999
-999
-999
-999
-999
-999
-999
-999
-999
-999
-999
-999
-999
-999
23.8947
23.5899
23.3597
23.8703
24.2726
23.4902
23.3231
23.3704
23.6903
25.3929
25.4044
25.3785
25.0199
24.8657
24.903
24.8822
24.7811
24.8916
24.8665
24.9482
24.8464
24.888
24.9238
24.9662
24.9396
24.7919
24.8693
24.9956
24.8349
24.6398
24.6205
24.5875
24.7044
24.8098
24.9468
25.0034
24.865
24.8751
24.8851
25.0522
25.1376
25.1591
25.1498
25.0164
25.0192
24.9267
25.0988
-999
-999
-999
-999
-999
-999
-999
-999
-999
-999
-999
21.9748
-999
22.5399
-999
-999
-999
-999
-999
-999
-999
-999
-999
-999
-999
-999
-999
-999
-999
-999
-999
-999
-999
-999
-999
-999
-999
-999
-999
-999
-999
-999
-999
-999
-999
-999
-999
-999
-999
-999
-999
-999
-999
-999
-999
-999
-999
-999
-999
-999
-999
-999
-999
-999
-999
-999
-999
-999
-999
-999
21.7453
-999
-999
-999
-999
23.7297
23.09
22.3348
23.9399
23.5949
23.6365
23.7147
23.6752
24.2282
24.4598
25.1548
24.3099
24.7732
24.832
24.8363
24.8478
24.8141
24.8198
24.9167
24.8514
24.8916
24.898
24.9425
24.9081
24.7919
24.7696
24.888
24.9547
24.7001
24.7955
24.6614
24.713
24.7553
24.8815
25.063
24.8729
24.8371
24.8507
25.0522
25.1003
25.1584
25.1756
25.0766
25.0666
24.9913
25.0988
-999
-999
-999
-999
-999
-999
-999
-999
-999
-999
-999
-999
22.134
-999
-999
-999
-999
-999
-999
-999
-999
-999
-999
-999
-999
-999
-999
-999
-999
-999
-999
-999
-999
-999
-999
-999
-999
-999
-999
-999
-999
-999
-999
-999
-999
-999
-999
-999
-999
-999
-999
-999
-999
-999
-999
-999
-999
-999
-999
-999
-999
-999
-999
-999
-999
-999
-999
-999
-999
-999
-999
-999
21.3702
-999
23.1603
22.4747
22.9903
23.5626
23.0312
23.095
23.8724
23.7864
23.6752
23.7749
24.3228
24.391
24.1557
24.7732
24.8328
24.8098
24.8105
24.8371
24.8328
24.8765
24.7725
24.9267
24.8557
25.0171
24.7962
24.7775
24.7202
24.8005
24.8865
24.6456
24.7725
24.6076
24.713
24.6628
24.8464
24.9898
24.9353
24.8708
24.8528
25.0386
25.1082
25.1978
25.1691
25.1691
25.0364
25.0078
25.0293
-999
-999
-999
-999
-999
-999
-999
-999
-999
-999
-999
-999
-999
-999
-999
-999
-999
-999
-999
-999
-999
-999
-999
-999
-999
-999
-999
-999
-999
-999
-999
-999
-999
22.7701
-999
-999
-999
-999
-999
-999
-999
-999
-999
-999
-999
-999
-999
-999
-999
-999
-999
-999
-999
-999
-999
-999
-999
-999
-999
-999
-999
-999
-999
-999
-999
-999
-999
-999
-999
-999
-999
-999
21.3702
22.5822
22.9752
23.4099
24.155
23.5626
23.5088
24.1299
23.8251
24.0489
23.4672
23.6322
23.7147
24.211
24.0998
24.3551
24.6047
24.7453
24.8464
24.8277
24.8034
24.845
24.7725
24.9583
24.7775
24.8586
24.6786
24.8077
24.6291
24.6147
24.675
24.5961
24.7137
24.5832
24.7173
24.6506
24.7589
24.9088
24.9454
24.8665
24.8715
25.0113
25.0515
25.1978
25.1462
25.1261
24.9984
25.0056
25.0329
-999
-999
-999
-999
-999
-999
-999
-999
-999
-999
-999
-999
-999
-999
-999
-999
-999
-999
-999
-999
-999
-999
-999
-999
-999
-999
-999
-999
-999
-999
-999
-999
-999
22.7701
-999
-999
-999
-999
-999
-999
-999
-999
-999
-999
-999
-999
-999
-999
-999
-999
-999
-999
-999
-999
-999
-999
-999
-999
-999
-999
-999
-999
-999
-999
-999
-999
-999
-999
-999
-999
-999
22.6532
22.0228
22.2602
23.3001
23.45
-999
23.0118
23.4801
23.7749
23.8947
23.8301
23.6006
23.7147
23.6853
23.1847
23.4099
24.155
23.6164
24.7453
24.7847
24.7467
24.8012
24.8901
24.8622
24.8285
24.6642
24.718
24.6484
24.7632
24.5509
24.6147
24.6735
24.7252
24.6484
24.6255
24.652
24.7352
24.7589
24.7747
24.9999
24.8378
24.926
24.9432
24.9626
25.0221
25.0049
25.0228
24.9762
24.9633
25.04
-999
-999
-999
-999
-999
-999
-999
-999
-999
-999
-999
-999
-999
-999
-999
-999
-999
-999
-999
-999
-999
-999
-999
-999
-999
-999
-999
-999
-999
-999
-999
-999
-999
22.7551
-999
-999
-999
-999
-999
-999
-999
-999
-999
-999
-999
-999
-999
-999
-999
-999
-999
-999
-999
-999
-999
-999
-999
-999
-999
-999
-999
-999
-999
-999
23.6114
-999
22.9451
23.2349
-999
23.3453
22.8648
22.4653
-999
-999
22.8899
22.0752
-999
-999
-999
-999
23.7498
23.3403
23.8947
23.7598
23.6853
23.7527
23.5418
23.6107
23.7276
24.1335
24.4978
24.5509
24.7833
24.7811
24.8206
24.7847
24.6642
24.8478
24.0697
24.4907
24.5136
24.4182
24.713
24.7761
24.69
24.6614
24.6384
24.6205
24.7302
24.7438
24.9697
24.8213
24.9246
24.9224
24.9511
24.9798
24.8772
25.0228
24.9583
24.8944
24.9045
-999
-999
-999
-999
-999
-999
-999
-999
-999
-999
22.5048
-999
-999
-999
-999
-999
-999
-999
-999
-999
-999
-999
-999
-999
-999
-999
-999
-999
-999
-999
-999
-999
-999
-999
-999
-999
-999
-999
-999
-999
-999
-999
-999
-999
-999
-999
-999
-999
-999
-999
-999
-999
-999
-999
-999
-999
-999
-999
-999
-999
-999
-999
-999
-999
23.8516
-999
-999
22.745
23.2585
23.3353
-999
-999
22.6747
-999
22.5901
22.1569
-999
-999
23.0348
-999
24.0281
22.6496
23.9564
24.0302
23.767
23.5834
23.7814
23.5877
23.9549
23.8653
24.0288
24.3322
24.5516
24.6492
24.8299
24.7804
24.6793
24.5158
24.5602
24.4175
24.5122
24.4161
24.4412
24.7761
24.5301
24.6578
24.6276
24.6147
24.7173
24.7209
24.9697
24.8507
24.921
24.893
24.9697
25.0293
24.9568
24.9461
24.9217
24.9131
24.8801
-999
-999
-999
-999
-999
-999
-999
-999
-999
-999
-999
-999
-999
-999
-999
-999
-999
-999
-999
-999
-999
-999
-999
-999
-999
-999
-999
-999
-999
-999
-999
-999
-999
-999
-999
-999
-999
-999
-999
-999
-999
-999
-999
-999
-999
-999
-999
-999
-999
-999
-999
-999
-999
-999
-999
-999
-999
-999
-999
-999
-999
-999
-999
-999
23.8516
-999
-999
-999
23.3274
23.3353
-999
-999
-999
-999
22.5901
22.5399
22.8124
22.8153
22.9129
-999
23.9062
23.8402
22.4797
-999
23.8366
23.8724
23.8438
24.1299
23.6422
23.724
24.2396
24.3322
24.4577
24.7302
24.8356
24.439
24.6162
24.604
24.5595
24.2884
24.5064
24.439
24.5079
24.6642
24.708
24.723
24.6549
24.718
24.7395
24.784
24.9948
24.8708
24.9332
24.9489
24.9948
25.0271
25.0709
24.9332
24.8672
24.9131
24.9038
-999
-999
-999
-999
-999
-999
23.0004
-999
-999
-999
-999
-999
-999
-999
-999
-999
-999
-999
-999
-999
-999
-999
-999
-999
-999
-999
-999
-999
-999
-999
-999
-999
-999
-999
-999
-999
-999
-999
-999
-999
-999
-999
-999
-999
-999
-999
-999
-999
-999
-999
-999
-999
-999
-999
-999
-999
-999
-999
-999
-999
-999
-999
-999
20.7054
-999
-999
-999
-999
-999
-999
-999
-999
-999
-999
-999
22.9903
23.4536
23.7799
24.7474
-999
24.5452
24.2726
23.6573
23.8301
23.9779
24.3049
23.8438
23.9076
23.9478
23.1266
23.8624
24.3773
24.3164
24.2719
24.7496
24.3214
24.5366
24.6441
24.5595
24.5029
24.3745
24.6872
24.6176
24.6628
24.6384
24.723
24.6484
24.685
24.6979
24.8041
25.0336
24.8851
24.9332
24.9224
25.0422
24.9834
25.0874
24.9016
24.9102
24.9432
24.9238
-999
-999
-999
-999
-999
-999
22.6353
-999
-999
-999
-999
-999
-999
-999
-999
-999
-999
-999
-999
-999
-999
-999
-999
-999
-999
-999
-999
-999
-999
-999
-999
-999
-999
-999
-999
-999
-999
-999
-999
-999
-999
-999
-999
-999
-999
-999
-999
-999
-999
-999
-999
-999
-999
-999
-999
-999
-999
-999
-999
-999
-999
-999
-999
-999
-999
-999
21.7603
-999
-999
-999
-999
-999
-999
-999
-999
-999
23.1617
24.0431
24.6965
25.1684
25.129
24.2726
-999
-999
-999
22.3499
22.0149
21.2848
23.2413
24.2332
24.0697
23.8897
24.0188
24.2719
24.4699
24.4197
24.5588
24.5272
24.543
24.4505
24.6269
24.6943
24.6671
24.6155
24.5007
24.7532
24.6614
24.7101
24.68
24.9181
24.9647
24.9525
24.9109
24.8758
25.0422
24.9475
25.0429
24.9805
25.0027
24.8923
24.9819
-999
-999
-999
-999
-999
-999
-999
-999
-999
-999
-999
-999
-999
-999
-999
-999
-999
-999
-999
-999
-999
-999
-999
-999
-999
-999
-999
-999
-999
-999
-999
-999
-999
-999
-999
-999
-999
-999
-999
-999
-999
-999
-999
-999
-999
-999
-999
-999
-999
-999
-999
-999
-999
-999
-999
-999
-999
-999
-999
-999
-999
-999
-999
21.5351
21.8299
21.5122
21.7603
-999
-999
-999
-999
-999
-999
-999
-999
24.315
23.1617
23.9951
24.6133
24.9941
25.2157
25.1648
-999
-999
-999
22.1914
21.8815
22.6224
23.1811
23.6802
23.9485
23.861
24.0733
24.2059
24.4362
24.4734
24.4964
24.5373
24.1227
24.3616
24.6269
24.6599
24.6778
24.7159
24.6951
24.6743
24.6298
24.7101
24.6843
24.9948
24.9368
24.936
24.8765
24.8643
24.9755
24.9375
24.9281
24.9891
25.0529
24.8873
25.0207
-999
-999
-999
-999
-999
-999
-999
-999
22.5249
-999
-999
22.8397
-999
-999
-999
-999
-999
-999
-999
-999
-999
-999
23.0699
-999
-999
23.5447
-999
-999
-999
-999
-999
-999
-999
-999
22.6999
-999
-999
-999
-999
-999
-999
-999
-999
-999
-999
-999
-999
-999
-999
-999
-999
-999
-999
-999
-999
-999
-999
-999
-999
-999
-999
-999
-999
-999
22.03
22.5636
21.6685
-999
-999
-999
-999
-999
-999
23.3675
-999
24.2748
24.2748
22.8863
24.2927
24.8629
24.4197
25.096
24.2153
24.1701
-999
23.6473
22.3499
23.4723
23.1811
23.1273
23.4414
24.0489
24.0625
24.2296
24.4677
24.4268
24.4885
24.5265
24.4068
24.3838
24.5839
24.5839
24.5789
24.6413
24.7331
24.6994
24.6542
24.7223
24.8328
25.0343
24.9504
24.9432
24.845
24.9633
24.9009
24.8414
24.9281
24.8299
24.8995
24.9798
25.0637
-999
-999
-999
-999
-999
-999
-999
-999
-999
-999
-999
-999
-999
-999
-999
-999
-999
-999
-999
-999
-999
-999
-999
-999
-999
-999
-999
-999
-999
-999
-999
-999
-999
-999
22.9351
-999
-999
-999
-999
-999
-999
-999
-999
-999
-999
-999
-999
-999
-999
-999
-999
-999
-999
-999
-999
-999
-999
-999
-999
-999
-999
20.8502
-999
-999
21.4677
22.4639
21.5251
21.5122
-999
-999
21.4003
-999
-999
-999
23.7534
24.2102
24.155
23.2248
23.9987
24.4734
24.4663
24.85
24.5323
24.1701
23.8854
23.8
23.44
23.5698
23.61
23.63
23.5619
23.8567
23.8588
24.1701
24.0453
24.4268
24.5538
24.4885
24.6033
24.3393
24.4232
24.3981
24.5789
24.6319
24.7711
24.7166
24.8184
24.8557
24.9561
25.0343
24.9662
24.9497
24.7998
24.9102
24.893
24.9575
24.8923
24.7575
24.8779
24.8693
25.0271
-999
-999
-999
-999
-999
-999
-999
-999
-999
-999
-999
-999
-999
-999
-999
-999
-999
-999
-999
-999
-999
-999
-999
-999
-999
-999
-999
-999
-999
-999
-999
-999
-999
-999
-999
-999
-999
-999
-999
-999
-999
-999
-999
-999
-999
-999
-999
-999
-999
-999
-999
-999
-999
-999
-999
-999
-999
-999
-999
-999
-999
-999
-999
-999
21.2497
-999
22.57
22.4603
-999
-999
-999
-999
-999
-999
-999
23.7649
23.5447
23.6759
23.9987
24.675
24.6198
24.1457
24.477
24.7209
24.8428
24.5509
24.0073
23.97
23.5676
23.8201
23.5619
22.6884
22.9573
24.074
23.7297
24.3831
24.515
24.5638
24.3422
24.15
24.1808
24.1493
24.5057
24.5782
24.9368
24.8937
25.0651
25.0493
25.0393
25.0881
25.0565
25.1103
24.9109
25.0493
24.8787
24.9626
24.9052
24.8959
24.8779
24.8285
24.9532
-999
-999
-999
-999
-999
-999
-999
-999
-999
-999
-999
-999
-999
-999
-999
-999
-999
-999
-999
-999
-999
-999
-999
-999
-999
-999
-999
-999
-999
-999
-999
-999
-999
-999
-999
-999
-999
-999
-999
-999
-999
-999
-999
-999
-999
-999
-999
-999
-999
-999
-999
-999
-999
-999
-999
-999
-999
-999
-999
-999
-999
-999
-999
-999
-999
20.9786
21.4003
21.32
21.7453
22.3025
-999
21.9726
21.6614
-999
-999
-999
-999
24.0152
23.6752
24.4024
24.3099
24.2511
24.2999
24.1816
24.4326
24.609
24.3551
24.079
23.6623
23.3554
23.483
23.1897
22.8548
23.2119
22.2903
23.8925
24.1902
24.5638
24.4354
24.3264
24.1141
24.2891
24.4204
24.6628
24.9368
24.9733
25.1146
25.0831
25.1089
25.058
25.0121
25.1103
25.0264
25.0393
24.9676
24.9941
24.9339
25.0723
25.0113
24.9116
24.9532
-999
-999
-999
-999
-999
-999
-999
-999
-999
-999
-999
-999
-999
-999
-999
-999
-999
-999
-999
-999
-999
-999
-999
-999
-999
-999
-999
-999
-999
-999
-999
-999
-999
-999
-999
-999
-999
-999
-999
-999
-999
-999
-999
-999
-999
-999
-999
-999
-999
-999
-999
-999
-999
-999
-999
-999
-999
-999
-999
-999
-999
-999
-999
-999
-999
-999
21.3501
21.188
22.565
21.3336
21.8349
21.8823
22.111
-999
-999
-999
-999
-999
23.3747
-999
-999
24.4598
24.14
23.9485
24.1909
24.609
24.2396
24.3967
24.0833
23.8638
23.2965
23.1918
-999
22.6848
22.6102
-999
-999
24.2999
24.0252
24.4584
24.4527
24.5308
24.7861
24.7947
24.9446
25.0407
25.1182
25.1232
25.007
24.9475
25.0314
25.0407
24.9468
25.0393
24.9662
24.9554
24.9102
25.0293
25.0336
24.8794
24.9231
-999
-999
-999
-999
-999
-999
-999
-999
-999
-999
-999
-999
-999
-999
-999
-999
-999
-999
-999
-999
-999
-999
-999
-999
-999
-999
-999
-999
-999
-999
-999
-999
-999
-999
-999
-999
-999
-999
-999
-999
-999
-999
-999
-999
-999
-999
-999
-999
-999
-999
-999
-999
-999
-999
-999
-999
-999
-999
-999
-999
-999
-999
-999
-999
-999
-999
-999
-999
21.4448
21.4598
22.2351
21.6334
22.6819
22.423
-999
-999
-999
-999
-999
-999
-999
23.5347
22.9573
23.8151
24.0898
23.9248
23.8703
23.5052
24.3243
24.2877
23.166
23.4299
-999
-999
21.5753
22.1978
22.9129
24.0898
24.1586
24.4584
24.6226
24.7689
24.761
24.7904
24.9891
24.9246
25.1182
24.9719
24.9597
24.9561
25.1555
24.9719
25.045
24.9497
24.9152
24.9848
24.9224
24.9776
25.0788
24.9332
24.9375
-999
-999
-999
-999
-999
-999
-999
-999
-999
-999
-999
-999
-999
-999
-999
-999
-999
-999
-999
-999
-999
-999
-999
-999
-999
-999
-999
-999
-999
-999
-999
-999
-999
-999
-999
-999
-999
-999
-999
-999
-999
-999
-999
-999
-999
-999
-999
-999
-999
-999
-999
-999
-999
-999
-999
-999
-999
-999
-999
-999
-999
-999
-999
-999
-999
-999
-999
-999
21.0353
21.3738
22.2351
22.0902
22.5614
-999
23.8997
23.8897
23.1725
22.8132
-999
-999
-999
22.7701
23.9434
23.5497
23.663
24.3013
24.6886
23.5052
23.9929
24.15
23.6501
23.3948
-999
-999
21.855
22.522
22.4969
23.4314
23.5798
24.4842
24.7273
24.8665
24.7876
24.7015
24.9697
24.8693
24.8959
24.8901
25.0866
25.0917
25.1813
25.1627
25.2329
25.1247
25.1017
24.9848
24.9116
24.954
24.9934
25.0221
25.0214
-999
-999
-999
-999
-999
-999
-999
-999
-999
-999
-999
-999
-999
-999
-999
-999
-999
-999
-999
-999
-999
-999
-999
-999
-999
-999
-999
-999
-999
-999
-999
22.74
-999
-999
-999
-999
-999
-999
-999
-999
-999
-999
-999
-999
-999
-999
-999
-999
-999
-999
-999
-999
-999
-999
-999
-999
-999
-999
-999
-999
-999
-999
-999
-999
-999
-999
22.57
23.3898
-999
21.6599
-999
-999
23.3303
23.9901
24.0403
24.1249
23.0298
22.7637
23.2435
23.7677
-999
-999
23.9434
-999
24.0919
24.3286
25.2265
23.8603
23.5598
-999
24.0697
22.1914
-999
-999
21.855
22.6747
22.1749
23.0714
23.6917
24.5036
24.6068
24.8665
24.7653
24.8815
24.9174
24.9999
24.9088
24.9884
25.0866
25.1447
25.1677
25.0823
25.1053
25.1555
25.1856
25.1447
25.1017
25.0866
24.9482
25.1619
25.1591
-999
-999
-999
-999
-999
-999
-999
-999
-999
-999
-999
-999
-999
-999
-999
-999
-999
-999
-999
-999
-999
-999
-999
-999
-999
-999
-999
-999
-999
-999
-999
22.74
-999
-999
-999
-999
-999
-999
-999
-999
-999
-999
-999
-999
-999
-999
-999
-999
-999
-999
-999
-999
-999
-999
-999
-999
-999
-999
-999
-999
-999
-999
-999
-999
-999
-999
23.014
23.2449
-999
-999
21.1952
-999
23.1086
23.785
23.8947
23.8101
23.9951
22.7637
22.92
24.14
24.1127
23.4163
-999
24.7302
24.1098
24.4268
24.9317
24.8636
24.5904
23.08
22.5464
22.725
22.1297
-999
22.7099
-999
24.0776
23.4099
23.5626
24.4498
24.5889
24.7589
24.8679
24.9597
24.8227
24.9152
25.0235
25.068
25.1641
25.2251
25.2071
25.0909
25.2078
25.0881
25.2451
25.1318
25.1749
25.0866
25.1039
25.3111
25.243
-999
-999
-999
-999
-999
-999
-999
-999
-999
-999
-999
-999
-999
-999
-999
-999
-999
-999
-999
-999
-999
-999
-999
-999
-999
-999
-999
-999
-999
-999
-999
-999
22.7501
-999
-999
-999
-999
-999
-999
-999
-999
-999
-999
-999
-999
-999
-999
-999
-999
-999
-999
-999
-999
-999
-999
-999
-999
-999
-999
-999
-999
-999
-999
-999
-999
-999
23.0398
23.2449
23.9951
-999
-999
22.9903
23.1086
23.6731
23.79
23.9097
24.85
22.925
24.3436
24.1923
23.7147
23.7297
-999
-999
22.7902
-999
24.1034
24.883
24.5387
23.08
22.6948
22.4015
-999
-999
-999
23.4199
24.0776
23.8932
24.1543
24.0188
24.3264
24.7524
24.7962
24.9597
24.9812
24.9411
24.959
25.101
25.2043
25.2681
25.2071
25.063
25.3126
25.2846
25.3585
25.2631
25.3341
25.2021
25.3398
25.3111
25.2136
-999
-999
-999
-999
-999
-999
-999
-999
-999
-999
-999
-999
-999
-999
-999
-999
-999
-999
-999
-999
-999
-999
-999
-999
-999
22.9953
-999
-999
-999
-999
-999
22.4926
22.3176
22.3298
-999
-999
-999
-999
-999
-999
-999
-999
-999
-999
-999
-999
-999
-999
-999
-999
-999
-999
-999
-999
-999
-999
-999
-999
-999
-999
-999
-999
-999
-999
-999
-999
-999
-999
-999
-999
-999
-999
23.2801
-999
-999
-999
-999
24.2203
24.5552
23.1997
23.7075
23.5447
21.6298
21.7654
22.7902
-999
24.0489
24.8148
24.5839
22.8698
23.0097
-999
-999
-999
23.8402
23.8975
24.0553
24.0288
24.3078
24.2389
24.3228
24.723
24.4527
24.8909
25.0207
24.9511
24.8865
24.9927
25.1533
25.2315
25.1706
25.1261
25.3362
25.3706
25.3312
25.2803
25.1684
25.2767
25.1684
25.2157
25.2086
-999
-999
-999
-999
-999
-999
-999
-999
-999
-999
-999
-999
-999
-999
-999
-999
-999
-999
-999
-999
-999
-999
-999
-999
-999
-999
-999
-999
-999
-999
-999
22.3699
22.5342
22.6052
-999
-999
-999
-999
-999
-999
-999
-999
-999
-999
-999
-999
-999
-999
-999
-999
-999
-999
-999
-999
-999
-999
-999
-999
-999
-999
-999
-999
-999
-999
21.3401
-999
-999
-999
-999
-999
-999
-999
-999
-999
-999
-999
-999
-999
22.2502
23.1997
-999
-999
-999
-999
23.2047
23.7276
24.3522
24.3888
24.3185
23.4048
-999
-999
-999
-999
-999
23.9148
24.1902
23.899
24.5939
24.4641
24.7969
24.1414
24.9332
24.8923
24.9181
24.9511
24.8385
24.7503
24.8973
25.2007
25.243
25.0859
25.3362
25.2702
25.2258
25.134
25.0859
25.0551
25.1053
25.1211
25.2308
-999
-999
-999
-999
-999
-999
-999
-999
-999
-999
-999
-999
-999
-999
-999
-999
-999
-999
-999
-999
-999
-999
-999
-999
-999
-999
-999
24.0223
-999
-999
-999
-999
22.4998
22.1577
-999
-999
-999
-999
-999
-999
-999
-999
-999
-999
-999
-999
-999
-999
-999
-999
-999
-999
-999
-999
-999
-999
-999
-999
-999
-999
-999
-999
-999
21.0087
21.7173
-999
22.4352
22.1648
22.6073
22.5313
22.2954
-999
-999
-999
-999
20.9851
-999
-999
21.9325
21.8249
-999
-999
-999
24.1048
23.2435
-999
24.4727
24.5746
24.5559
24.3802
-999
-999
-999
-999
-999
23.6071
23.6623
23.9564
24.5939
24.8772
25.1268
24.9669
25.0207
24.6893
24.784
24.9712
24.9382
24.8184
24.741
25.1942
25.1648
25.1168
25.1763
25.1677
25.2258
25.0558
25.0537
25.0866
25.1706
25.1175
25.2322
-999
-999
-999
-999
-999
-999
-999
-999
-999
-999
-999
-999
-999
-999
-999
-999
-999
-999
-999
-999
-999
-999
-999
-999
-999
-999
-999
23.985
23.6501
-999
-999
-999
-999
22.1577
-999
-999
-999
-999
-999
-999
-999
-999
-999
-999
-999
-999
-999
-999
-999
-999
-999
-999
-999
-999
-999
-999
-999
-999
-999
-999
-999
-999
21.3601
21.0503
21.7173
22.4008
22.7809
22.3592
22.6697
22.5313
22.6081
22.6016
21.8722
-999
-999
22.0601
22.7199
-999
-999
22.233
-999
-999
24.2497
24.0503
22.2071
-999
24.4727
24.5574
24.6484
24.5488
-999
-999
-999
-999
22.7199
23.1137
24.1134
24.127
24.2131
24.6334
24.8622
25.0931
24.8593
24.7711
24.6664
24.832
24.8837
24.8184
24.8055
25.1677
25.1892
25.0952
25.1282
25.1153
24.9812
25.0802
25.0594
25.1297
25.1634
25.149
25.2172
-999
-999
-999
-999
-999
-999
-999
-999
-999
-999
-999
-999
-999
-999
-999
-999
-999
-999
-999
-999
-999
-999
-999
-999
-999
-999
-999
-999
-999
22.8619
22.4704
-999
-999
22.1075
-999
-999
-999
-999
-999
-999
-999
-999
-999
-999
-999
-999
-999
-999
-999
-999
-999
-999
-999
-999
-999
-999
-999
-999
-999
-999
-999
-999
-999
-999
21.9647
-999
-999
22.5392
22.7199
22.7895
22.9595
22.3169
22.0451
-999
22.1476
22.6002
22.7128
21.9303
22.5622
22.9236
23.0685
-999
25.0049
24.5466
-999
23.7448
24.5452
24.5774
24.6477
24.9009
24.373
24.2353
23.63
-999
22.8878
23.5347
23.6767
24.0661
24.3164
24.5115
24.8622
23.7498
24.6721
24.8442
24.7711
24.6649
24.8471
24.8134
24.8091
25.1734
25.1641
25.1039
25.1397
25.172
24.9891
25.0651
25.0594
25.2251
25.1304
25.1096
25.1576
-999
-999
-999
-999
-999
-999
-999
-999
-999
-999
-999
-999
-999
-999
-999
-999
-999
-999
-999
-999
-999
-999
-999
-999
-999
-999
-999
-999
-999
22.9803
22.4704
-999
-999
-999
-999
-999
-999
-999
-999
-999
-999
-999
-999
-999
-999
-999
-999
-999
-999
-999
-999
-999
-999
-999
-999
-999
-999
-999
-999
-999
-999
-999
-999
-999
-999
-999
-999
-999
21.6477
22.2165
22.91
22.6733
22.4158
22.3907
22.5435
22.4503
22.7128
22.5249
22.2538
22.7802
23.445
-999
24.4699
24.2418
24.1149
24.0639
24.2741
24.4849
24.6477
24.3609
24.7503
24.2526
23.1352
24.2497
23.8603
24.0331
23.8251
24.1335
24.4978
24.7603
24.4132
24.0811
24.637
24.7675
24.7919
24.784
24.8521
24.8313
25.0027
25.1734
25.2251
25.1239
25.0845
25.2645
25.0207
25.0278
25.0744
25.1914
25.0902
25.1125
25.0465
-999
-999
-999
-999
-999
-999
-999
-999
-999
-999
-999
-999
-999
-999
-999
-999
-999
-999
-999
-999
-999
-999
-999
-999
-999
-999
-999
-999
-999
-999
-999
22.5449
-999
-999
-999
-999
-999
-999
-999
-999
-999
-999
-999
-999
-999
-999
-999
-999
-999
-999
-999
-999
-999
-999
-999
-999
-999
-999
-999
-999
-999
-999
-999
-999
-999
-999
-999
21.5151
-999
21.9289
22.2731
22.6733
-999
22.1627
22.6224
21.5022
21.581
21.8837
22.0852
22.413
23.4651
23.6135
24.1988
24.1199
24.4799
25.1648
25.0752
24.3852
24.3802
24.6427
24.5
22.7099
23.5368
23.9628
23.6767
24.0331
23.5698
24.0051
23.8724
23.6874
24.5115
24.4828
24.637
24.6241
24.7661
24.8263
24.827
24.8134
25.0178
25.0902
25.1039
25.0092
25.0551
25.1734
25.1218
24.969
24.9317
25.0085
25.0902
25.078
24.9984
-999
-999
-999
-999
-999
-999
-999
-999
-999
-999
-999
-999
-999
-999
-999
-999
-999
-999
-999
-999
-999
-999
-999
-999
-999
-999
-999
-999
-999
-999
-999
22.4187
-999
-999
-999
-999
-999
-999
-999
-999
-999
-999
-999
-999
-999
-999
-999
-999
-999
-999
-999
-999
-999
-999
-999
-999
-999
-999
-999
-999
-999
-999
-999
-999
-999
-999
20.7527
21.0367
-999
21.9547
21.5301
21.8751
-999
-999
-999
-999
21.68
22.7752
22.0264
22.4452
-999
23.5798
23.9872
24.1199
24.8184
24.8227
25.1003
-999
24.4397
24.2848
23.577
24.1514
23.5576
23.5483
23.6465
23.5648
23.3503
23.7591
23.9736
23.7491
23.914
24.4297
24.5079
24.5445
24.6033
24.609
24.7826
24.8787
25.0931
25.1763
25.1942
25.0092
25.1003
25.1397
25.0558
24.9554
24.8837
24.9088
25.0092
25.0744
24.9984
-999
-999
-999
-999
-999
-999
-999
-999
-999
-999
-999
-999
-999
-999
-999
-999
-999
-999
-999
-999
-999
-999
-999
-999
-999
-999
-999
-999
-999
22.04
22.1247
-999
-999
-999
-999
-999
-999
-999
-999
-999
-999
-999
-999
-999
-999
-999
-999
-999
-999
-999
-999
-999
-999
-999
-999
-999
-999
-999
-999
-999
-999
-999
-999
-999
-999
-999
21.4197
-999
-999
-999
21.6198
-999
-999
-999
-999
21.9332
21.1672
-999
22.0264
-999
-999
-999
23.7297
24.3601
24.6348
24.4297
24.7998
-999
-999
23.1051
23.577
23.8925
-999
-999
23.2377
-999
23.8638
23.7591
24.183
24.2396
23.6422
23.9478
24.3357
24.6183
24.6033
24.7661
24.8808
24.8815
25.1512
25.2229
25.3075
25.1125
25.002
25.0888
25.1627
25.0242
24.903
24.8701
24.9353
25.1333
25.1325
-999
-999
-999
-999
-999
-999
-999
-999
-999
-999
-999
-999
-999
-999
-999
-999
-999
-999
-999
-999
-999
-999
-999
-999
-999
-999
-999
-999
-999
-999
-999
-999
-999
-999
-999
-999
-999
-999
-999
-999
-999
-999
-999
-999
-999
-999
-999
-999
-999
-999
-999
-999
-999
-999
-999
-999
-999
-999
-999
-999
-999
-999
-999
-999
-999
-999
-999
-999
-999
-999
21.8622
-999
22.7902
-999
22.38
22.0623
21.6951
-999
21.6951
22.0752
-999
-999
23.8352
24.0847
-999
24.4297
-999
-999
-999
-999
23.2234
-999
22.8347
-999
-999
-999
23.8603
23.5949
23.6128
23.9901
23.658
23.9442
24.2038
24.472
24.6434
24.6865
24.8285
24.9525
25.1942
25.1741
25.2724
25.1333
24.9999
25.0888
25.2251
24.9712
24.9532
24.9454
24.8751
25.144
25.1211
-999
-999
-999
-999
-999
-999
-999
-999
-999
-999
-999
-999
-999
-999
-999
-999
-999
-999
-999
-999
-999
-999
-999
-999
-999
-999
-999
-999
23.7147
-999
-999
-999
-999
-999
-999
-999
-999
-999
-999
-999
-999
-999
-999
-999
-999
-999
-999
-999
-999
-999
-999
-999
-999
-999
-999
-999
-999
-999
-999
-999
-999
-999
-999
-999
-999
-999
-999
-999
-999
22.2401
21.8701
22.8576
-999
22.0781
22.2416
22.4087
22.1189
21.5882
-999
-999
-999
-999
-999
-999
-999
-999
-999
-999
-999
-999
-999
23.2514
22.8347
22.1699
23.27
23.4228
-999
23.4952
23.5978
23.9901
24.0116
23.9076
24.2705
24.4197
24.5021
24.8607
24.8285
25.1067
25.0759
24.9948
24.9511
25.1784
25.0393
25.035
25.1368
24.9712
24.9791
24.931
24.9073
24.969
24.9152
-999
-999
-999
-999
-999
-999
-999
-999
-999
-999
-999
-999
-999
-999
-999
-999
-999
-999
-999
-999
-999
-999
-999
-999
-999
-999
-999
-999
24.0367
24.0152
-999
-999
-999
-999
-999
-999
-999
-999
-999
-999
-999
-999
-999
-999
-999
-999
-999
-999
-999
-999
-999
-999
-999
-999
-999
-999
-999
-999
-999
-999
-999
-999
-999
-999
-999
-999
-999
-999
22.2516
21.9647
22.5751
22.7328
-999
22.7752
22.73
21.9977
21.7388
21.7697
-999
-999
-999
-999
-999
-999
-999
-999
-999
-999
-999
-999
-999
22.9752
22.7701
22.1103
-999
22.4503
22.9853
23.26
23.2198
23.4601
24.1679
23.7957
23.7197
24.3773
24.685
25.1411
24.9726
24.9389
25.0759
24.8622
24.8894
25.007
25.0615
24.9977
25.106
24.9425
24.9023
24.9023
24.9045
24.936
24.7359
-999
-999
-999
-999
-999
-999
-999
-999
-999
-999
-999
-999
-999
-999
-999
-999
-999
-999
-999
-999
-999
-999
-999
-999
-999
-999
-999
-999
-999
-999
23.6178
23.6802
-999
-999
-999
-999
-999
-999
-999
-999
-999
-999
-999
-999
-999
-999
-999
-999
-999
-999
-999
-999
-999
-999
-999
-999
-999
-999
-999
-999
-999
-999
-999
-999
-999
-999
-999
-999
-999
-999
22.5751
22.5449
21.2626
22.2165
22.4151
21.9977
21.7295
21.4928
20.9621
21.145
21.5853
-999
-999
-999
-999
-999
-999
-999
-999
-999
24.1522
24.2927
23.4199
23.1337
-999
23.0649
22.9717
23.2098
23.275
23.5849
24.0338
23.7957
23.9858
24.1507
24.7955
24.9934
25.096
25.0049
24.85
24.9167
24.9454
24.9554
25.0336
25.0551
25.1103
24.9468
24.8995
24.9023
24.9303
24.8787
24.9324
-999
24.0962
24.3128
-999
-999
-999
-999
-999
-999
-999
-999
-999
-999
-999
-999
-999
23.8201
-999
-999
-999
-999
-999
-999
-999
-999
-999
-999
-999
-999
-999
23.5999
22.8849
-999
-999
-999
-999
-999
-999
-999
-999
-999
-999
-999
-999
-999
-999
-999
-999
-999
-999
-999
-999
-999
-999
-999
-999
-999
-999
-999
-999
-999
-999
-999
-999
-999
-999
-999
-999
21.2848
-999
-999
-999
22.0185
22.1161
21.7847
22.205
22.0149
-999
21.5165
-999
-999
-999
-999
-999
-999
-999
-999
-999
23.5347
24.9748
24.7488
24.5853
23.0549
-999
-999
24.1199
23.3647
23.2112
23.4902
23.866
24.079
23.9686
24.051
24.2497
24.7976
24.9016
24.9561
24.8543
24.8801
24.9518
24.9454
25.1203
24.9948
25.0106
25.1282
24.8801
24.8564
24.8837
24.9138
24.8787
24.8622
-999
-999
24.7926
-999
23.6802
-999
-999
-999
-999
-999
-999
-999
-999
-999
-999
-999
-999
-999
-999
-999
-999
-999
-999
-999
-999
-999
-999
-999
-999
-999
-999
22.385
-999
-999
-999
-999
-999
-999
-999
-999
-999
-999
-999
-999
-999
-999
-999
-999
-999
-999
-999
-999
-999
-999
-999
-999
-999
-999
-999
-999
-999
-999
-999
-999
-999
-999
-999
-999
-999
22.4503
-999
-999
-999
21.5502
-999
-999
-999
-999
-999
-999
-999
-999
-999
-999
-999
-999
-999
-999
24.1902
24.9748
24.6527
23.8739
23.6802
22.4603
23.7498
24.0926
23.3647
23.4866
23.625
23.9384
24.4118
24.1478
23.7297
24.2497
24.6183
24.8736
24.8571
24.8593
24.8543
24.8672
24.9762
25.1031
25.0135
25.0278
25.0472
24.8995
24.8528
24.7947
24.9289
24.9124
24.8335
-999
-999
-999
23.1201
23.6802
24.1184
-999
23.6652
24.7223
-999
-999
-999
-999
-999
-999
-999
-999
-999
-999
-999
-999
-999
-999
-999
-999
-999
-999
-999
-999
-999
-999
-999
23.7003
-999
-999
-999
-999
-999
-999
-999
-999
-999
-999
-999
-999
-999
-999
-999
-999
-999
-999
-999
-999
-999
-999
-999
-999
-999
-999
-999
-999
-999
-999
-999
-999
-999
-999
-999
21.2648
22.4926
22.5098
-999
-999
-999
20.8502
-999
-999
-999
-999
-999
-999
-999
-999
-999
-999
-999
20.9098
-999
-999
25.0013
25.0135
23.2851
22.9989
22.8569
23.2413
24.0575
23.5153
23.6702
23.785
24.0797
24.3271
24.2798
24.7897
24.444
24.7001
24.8378
24.8607
24.8815
24.812
24.893
24.9052
25.0264
25.0135
25.0372
24.8715
24.8614
24.8206
24.8077
24.893
24.8485
24.865
-999
-999
22.2315
23.0498
23.7197
23.757
24.0403
24.9303
24.6398
-999
-999
-999
-999
-999
-999
-999
-999
-999
-999
-999
-999
-999
-999
-999
-999
-999
-999
-999
-999
-999
-999
-999
-999
-999
-999
-999
-999
-999
-999
-999
-999
-999
-999
-999
-999
-999
-999
-999
-999
-999
-999
-999
-999
-999
-999
-999
-999
-999
-999
-999
-999
-999
-999
-999
-999
-999
-999
-999
21.9404
-999
22.0157
-999
-999
21.2425
-999
-999
-999
-999
-999
-999
-999
-999
-999
-999
-999
-999
-999
-999
24.3401
24.9683
25.045
23.2851
23.2349
23.3826
23.5447
24.1263
24.1816
24.4591
23.785
24.2131
25.1003
24.7603
24.5947
24.6807
24.6126
24.8378
24.8177
24.8622
24.9131
24.921
24.865
24.9748
24.9755
24.8995
24.8715
24.8005
24.7295
24.7732
24.8019
24.7689
24.921
-999
-999
22.3298
23.2098
23.8402
23.2248
-999
-999
-999
24.2203
-999
-999
-999
-999
-999
-999
-999
-999
-999
-999
-999
-999
-999
22.0953
-999
-999
-999
-999
-999
-999
-999
-999
-999
-999
-999
-999
-999
-999
-999
-999
-999
-999
-999
-999
-999
-999
-999
-999
-999
-999
-999
-999
-999
-999
-999
-999
-999
-999
-999
-999
-999
-999
-999
-999
-999
-999
-999
-999
21.8923
21.5201
22.2473
-999
-999
-999
-999
-999
-999
-999
-999
-999
-999
-999
-999
-999
-999
-999
-999
-999
24.4197
24.9798
25.1117
24.7897
24.0697
24.2045
23.6035
24.4311
24.647
24.7711
24.3702
24.4498
24.5272
24.7467
24.3157
24.6642
24.6427
24.6506
24.8328
24.8234
24.9339
24.9511
24.9246
24.9052
24.8772
24.7768
24.6872
24.68
24.718
24.8148
24.7991
24.8485
24.888
-999
-999
22.915
-999
-999
-999
-999
-999
23.08
24.1651
-999
-999
-999
-999
-999
-999
-999
-999
-999
-999
-999
-999
-999
22.0953
-999
-999
-999
-999
-999
-999
-999
-999
-999
-999
-999
-999
-999
-999
-999
-999
-999
-999
-999
-999
-999
-999
-999
-999
-999
-999
-999
-999
-999
-999
-999
-999
-999
-999
-999
-999
-999
-999
-999
-999
-999
-999
-999
-999
-999
-999
-999
-999
-999
-999
-999
-999
-999
-999
-999
-999
-999
-999
-999
-999
-999
-999
-999
23.1703
23.6681
24.5086
24.3981
24.6449
24.5868
24.5703
24.0539
24.6527
24.7826
24.8378
24.9059
24.7331
24.5272
24.5889
24.3981
24.0152
24.6714
24.5523
24.7252
24.8234
24.9827
24.9375
25.0343
24.9805
24.8163
24.7589
24.7524
24.6836
24.718
24.7632
24.6807
24.8464
24.7266
23.5052
-999
22.6453
-999
-999
-999
-999
-999
-999
-999
-999
-999
-999
-999
-999
-999
-999
-999
-999
-999
-999
-999
-999
-999
-999
-999
-999
-999
-999
-999
-999
-999
-999
-999
-999
-999
-999
-999
-999
-999
-999
-999
-999
-999
-999
-999
-999
-999
-999
-999
-999
-999
-999
-999
-999
-999
-999
-999
-999
-999
-999
-999
-999
-999
-999
-999
-999
-999
-999
-999
-999
-999
-999
-999
-999
-999
-999
-999
-999
-999
-999
-999
-999
-999
-999
-999
-999
24.3436
23.8265
24.198
24.4297
24.3501
24.1493
24.5703
24.1435
24.8112
24.7202
25.0149
25.0034
24.6047
24.4864
24.3587
24.5581
24.2239
24.4326
24.5581
24.5394
24.5717
24.7696
24.9375
25.0027
24.8822
24.7618
24.7273
24.7116
24.6592
24.7266
24.4103
24.6807
24.5265
24.4541
-999
-999
22.4797
-999
-999
-999
-999
-999
-999
-999
-999
-999
-999
23.9915
-999
-999
-999
-999
-999
-999
-999
-999
-999
-999
-999
-999
-999
-999
-999
-999
-999
-999
-999
-999
-999
-999
-999
-999
-999
-999
-999
-999
-999
-999
-999
-999
-999
-999
-999
-999
-999
-999
-999
-999
-999
-999
-999
-999
-999
-999
-999
-999
-999
-999
-999
-999
-999
-999
-999
-999
-999
-999
-999
-999
-999
-999
-999
-999
-999
-999
-999
-999
-999
-999
-999
-999
24.3551
24.7202
24.3214
24.0998
24.794
23.6967
24.0152
24.434
24.6922
24.8328
25.0594
25.1247
24.9231
24.7374
24.2812
24.3974
24.5581
24.6585
24.5968
24.4053
24.5043
24.7668
24.9303
24.9475
24.9769
24.8428
24.685
24.7517
24.7783
24.505
24.6563
24.5129
24.2956
24.3652
24.363
23.1323
-999
-999
-999
-999
-999
-999
-999
-999
-999
-999
-999
-999
23.6774
-999
-999
-999
-999
-999
-999
-999
-999
-999
-999
-999
-999
-999
-999
-999
-999
-999
-999
-999
-999
-999
-999
-999
-999
-999
-999
-999
-999
-999
-999
-999
-999
-999
-999
-999
-999
-999
-999
-999
-999
-999
-999
-999
-999
-999
-999
-999
-999
-999
-999
-999
-999
21.7403
22.025
-999
-999
-999
-999
-999
-999
-999
-999
-999
-999
-999
-999
-999
-999
-999
-999
-999
-999
-999
-999
24.3214
24.1952
24.4132
23.9499
23.9793
24.2239
24.6147
24.8328
25.2824
24.8629
24.6922
24.7912
24.2382
24.5782
24.5437
24.7969
24.817
24.5997
24.4627
24.746
24.9619
24.9511
24.9353
24.8428
24.7431
24.7503
24.7302
24.6936
24.6434
24.5258
24.3981
24.4419
24.363
-999
-999
-999
-999
-999
25.565
25.6848
25.1182
25.4216
-999
-999
-999
-999
-999
-999
-999
-999
-999
-999
-999
-999
-999
-999
-999
-999
-999
-999
-999
-999
-999
-999
-999
-999
-999
-999
-999
-999
-999
-999
-999
-999
22.385
-999
-999
-999
-999
-999
-999
-999
-999
-999
-999
-999
-999
-999
-999
-999
-999
-999
-999
-999
-999
-999
-999
-999
-999
21.135
21.685
22.3298
21.0747
21.5753
-999
21.7697
-999
-999
-999
-999
-999
-999
-999
-999
-999
-999
-999
-999
-999
-999
-999
23.255
24.7998
25.1706
-999
24.2038
24.5344
24.9482
25.0429
25.1103
24.8493
24.5975
24.7696
24.4111
24.0797
24.8206
24.8507
24.817
24.6276
24.5287
24.6183
24.9102
24.9956
24.8758
24.7732
24.7295
24.7352
24.7682
24.6764
24.7051
24.6327
24.4878
24.3472
24.3063
24.5997
24.7897
-999
-999
25.205
-999
25.4065
25.2466
25.2875
-999
-999
-999
-999
-999
22.4947
-999
-999
-999
-999
-999
-999
-999
-999
-999
-999
-999
-999
-999
-999
-999
-999
-999
-999
-999
-999
-999
-999
-999
-999
-999
-999
-999
-999
-999
-999
-999
-999
-999
-999
-999
-999
-999
-999
-999
-999
-999
-999
-999
-999
-999
-999
-999
-999
-999
-999
-999
21.135
21.7553
-999
-999
-999
-999
-999
-999
-999
-999
-999
-999
-999
-999
-999
-999
-999
23.3826
-999
22.3248
21.8428
22.555
23.805
24.5201
25.1706
25.6475
24.1299
24.3716
25.0321
25.1598
25.1146
24.8493
-999
23.1567
23.1624
23.08
24.7202
24.86
24.9532
25.0286
24.7101
24.7603
24.86
24.9432
24.8249
24.7001
24.6463
24.7352
24.6836
24.6384
24.7216
24.4498
24.4168
24.2777
24.3343
24.5997
-999
-999
25.1849
-999
-999
-999
25.385
25.172
25.1297
25.2401
-999
-999
-999
22.4947
22.3348
-999
-999
-999
-999
-999
-999
-999
-999
-999
-999
-999
-999
-999
-999
-999
-999
-999
-999
-999
-999
-999
-999
-999
-999
-999
-999
-999
-999
-999
-999
-999
-999
-999
-999
-999
-999
-999
-999
-999
-999
-999
-999
-999
-999
-999
-999
-999
-999
-999
-999
-999
-999
-999
-999
-999
-999
-999
-999
-999
-999
-999
-999
-999
-999
-999
-999
22.1799
22.7773
22.5801
-999
-999
-999
23.5002
25.6633
25.679
25.7615
25.8167
23.9348
25.1053
25.0788
24.9941
24.6097
23.1502
22.9982
23.0125
23.0298
23.3776
24.5552
25.0128
25.0508
24.7101
24.6198
24.6441
24.6728
24.4971
24.5904
24.434
24.4448
24.6212
24.6384
24.4785
24.2138
24.3336
24.3142
24.3314
-999
-999
-999
25.6403
-999
-999
-999
25.375
-999
24.7603
-999
-999
-999
23.1897
22.8419
-999
-999
-999
-999
-999
-999
-999
-999
-999
-999
-999
-999
-999
-999
-999
-999
-999
-999
-999
-999
-999
-999
-999
-999
-999
-999
-999
-999
-999
-999
-999
-999
-999
-999
-999
-999
-999
-999
-999
-999
-999
-999
-999
-999
-999
-999
-999
-999
-999
-999
-999
-999
-999
-999
-999
-999
-999
-999
-999
-999
-999
-999
-999
-999
21.8873
-999
-999
22.5048
23.0011
-999
-999
-999
25.2996
24.8722
25.2968
25.7759
25.8311
25.8167
-999
25.0364
24.7804
24.7166
24.7022
23.4364
22.9982
23.2148
23.1667
23.7032
24.5954
24.9841
24.9174
24.7567
24.4734
24.5746
24.4469
24.2841
24.4505
24.4957
24.4813
24.5997
24.5251
24.3028
24.2626
24.3436
24.2153
24.2848
-999
-999
-999
-999
-999
-999
-999
24.3702
23.5318
23.6652
22.7049
-999
23.5002
23.3303
23.2148
-999
-999
22.1297
-999
-999
-999
-999
-999
24.0898
-999
-999
-999
-999
-999
-999
-999
-999
-999
-999
-999
-999
-999
-999
-999
-999
-999
-999
-999
-999
-999
-999
-999
-999
-999
-999
-999
-999
-999
-999
-999
-999
-999
-999
-999
-999
-999
-999
-999
-999
-999
-999
-999
-999
-999
-999
-999
-999
-999
-999
-999
-999
-999
-999
-999
-999
-999
-999
-999
-999
-999
23.5304
22.9953
-999
25.0329
24.9719
25.5055
25.7751
25.7931
25.6267
25.0307
24.7216
24.5072
24.586
23.7649
23.397
23.0477
23.2026
23.9047
24.4469
24.888
24.8077
24.5817
24.4993
24.5746
24.3365
24.1651
24.2812
24.5086
24.5939
24.4189
24.3063
24.1041
24.2626
24.2339
24.0252
24.0969
-999
-999
24.8751
24.7517
-999
-999
23.8603
24.4677
24.15
23.7627
23.7649
23.2349
22.9717
-999
-999
-999
-999
-999
-999
-999
-999
-999
-999
-999
-999
-999
-999
-999
-999
-999
-999
-999
-999
-999
-999
-999
-999
-999
-999
-999
-999
-999
-999
-999
23.1151
23.2098
23.0778
-999
-999
-999
-999
-999
-999
-999
-999
-999
-999
-999
-999
-999
-999
-999
-999
-999
-999
-999
-999
-999
-999
-999
-999
-999
-999
-999
-999
-999
-999
-999
-999
-999
-999
21.0252
-999
-999
-999
23.6401
22.4818
-999
25.3047
25.2473
25.0666
25.7077
25.7622
25.7034
25.0307
24.5846
24.4835
24.7051
24.5215
23.4959
23.085
23.2026
24.0797
24.5552
24.6757
-999
24.7374
24.5868
24.5229
24.2791
24.1651
24.1737
24.4046
24.6233
24.5566
24.211
24.0761
24.14
24.1184
24.0252
23.8753
-999
25.2
24.9353
24.7051
-999
-999
24.495
-999
24.15
24.1952
-999
23.5397
-999
-999
-999
-999
-999
-999
-999
-999
-999
-999
-999
-999
-999
-999
-999
-999
-999
-999
-999
-999
-999
-999
-999
-999
-999
-999
-999
-999
-999
-999
-999
-999
-999
-999
22.9774
-999
-999
-999
-999
-999
-999
-999
-999
-999
-999
-999
-999
-999
-999
-999
-999
-999
-999
-999
-999
-999
-999
-999
-999
-999
-999
-999
-999
-999
-999
-999
-999
-999
-999
-999
-999
-999
-999
-999
22.5586
-999
-999
-999
25.4703
25.7056
25.5923
25.5033
25.0393
24.6291
24.6441
24.9167
24.7395
23.8768
23.5038
22.7508
23.3123
23.3747
23.856
23.3604
24.4749
24.2547
24.4691
24.0883
24.0747
23.8481
24.1801
24.5696
24.5423
24.3365
24.1708
24.188
24.1407
24.0647
-999
-999
-999
24.5502
23.8997
23.9377
-999
-999
-999
-999
-999
-999
-999
-999
-999
-999
23.0348
23.3102
-999
24.0768
-999
-999
-999
-999
-999
-999
-999
-999
-999
-999
-999
-999
-999
-999
-999
-999
-999
-999
-999
-999
-999
-999
-999
-999
-999
-999
-999
-999
-999
-999
-999
-999
-999
-999
-999
-999
-999
-999
-999
-999
-999
-999
-999
-999
-999
-999
-999
-999
-999
-999
-999
-999
-999
-999
-999
-999
-999
-999
-999
-999
-999
-999
-999
-999
-999
-999
22.0551
-999
-999
-999
-999
25.6898
25.4323
25.5593
24.9095
25.073
24.784
24.6441
24.9389
24.8091
24.1851
23.6903
23.2141
23.6437
23.3747
23.1861
23.4888
23.8983
23.7563
24.0173
23.8825
23.9234
23.79
24.1801
24.3035
24.4476
24.2497
24.2863
24.2267
24.0159
24.1651
-999
-999
-999
24.5947
24.2597
-999
-999
-999
-999
-999
-999
-999
-999
-999
-999
-999
-999
23.3102
23.9922
24.5351
24.2698
23.7914
23.7147
-999
-999
-999
-999
-999
-999
-999
-999
-999
-999
-999
-999
-999
-999
-999
-999
-999
-999
-999
-999
-999
-999
-999
-999
-999
-999
-999
-999
-999
-999
22.8397
-999
-999
-999
-999
-999
-999
22.3298
-999
-999
-999
-999
-999
-999
-999
-999
-999
-999
-999
-999
-999
-999
-999
-999
-999
-999
21.9203
22.1196
-999
-999
-999
-999
-999
-999
-999
-999
22.2172
-999
24.5853
24.5007
24.6441
24.6477
24.7668
24.7969
24.7252
24.8127
24.7194
24.6628
24.3816
23.6214
23.9047
23.5892
23.3245
23.4888
23.488
23.3589
23.7441
23.6207
23.6358
23.6372
23.9628
24.2002
24.4476
24.1801
24.198
24.2798
-999
-999
-999
-999
-999
24.5947
-999
-999
-999
-999
-999
-999
-999
-999
-999
-999
-999
-999
-999
-999
-999
-999
23.7347
23.7333
-999
-999
-999
-999
-999
-999
-999
-999
-999
-999
-999
-999
-999
-999
-999
-999
-999
-999
-999
-999
-999
-999
-999
-999
-999
-999
-999
-999
-999
-999
-999
23.052
22.7128
22.6353
-999
-999
-999
22.4704
-999
-999
-999
-999
-999
-999
-999
-999
-999
-999
-999
-999
-999
-999
-999
-999
-999
-999
-999
-999
-999
-999
-999
23.4801
-999
-999
-999
-999
-999
-999
-999
-999
24.6226
24.6083
24.5767
24.6506
24.6814
24.7417
24.8019
24.7194
24.5574
24.386
23.8825
23.9234
23.8681
23.6343
23.681
23.1409
23.1223
23.6731
23.7893
23.7441
23.7778
24.0467
24.1894
24.3028
24.2038
23.8775
-999
-999
-999
-999
-999
-999
-999
-999
-999
-999
-999
-999
-999
-999
-999
-999
-999
-999
-999
-999
-999
-999
-999
24.4899
24.5251
-999
-999
-999
-999
-999
-999
-999
-999
-999
-999
-999
-999
-999
-999
-999
-999
-999
-999
-999
-999
-999
-999
-999
-999
-999
-999
-999
-999
-999
-999
-999
23.2937
22.7615
22.7852
-999
-999
-999
-999
-999
-999
-999
-999
-999
-999
-999
-999
-999
-999
-999
-999
-999
-999
-999
-999
-999
-999
-999
-999
23.0348
-999
-999
23.44
-999
-999
-999
-999
-999
-999
-999
-999
24.6226
24.5523
24.515
24.6226
24.4899
24.7324
24.6821
24.8155
24.8378
24.6097
24.3809
24.018
23.8309
23.6831
23.6537
23.0419
23.1223
23.8072
23.8509
23.8897
23.6602
24.0015
24.0697
24.2741
24.0611
23.8775
-999
-999
-999
-999
-999
-999
-999
-999
-999
-999
-999
-999
-999
-999
-999
-999
-999
-999
-999
24.5853
-999
-999
-999
24.2303
23.8301
-999
-999
-999
-999
-999
-999
-999
-999
-999
-999
-999
-999
-999
-999
-999
-999
-999
-999
-999
-999
-999
-999
-999
-999
-999
-999
-999
-999
-999
23.3152
23.2299
-999
23.3776
-999
-999
-999
-999
-999
-999
-999
-999
-999
-999
-999
-999
-999
-999
-999
-999
-999
-999
-999
-999
-999
-999
23.4178
-999
-999
23.0348
23.8932
24.3028
24.5301
24.3752
-999
23.5253
24.2088
-999
-999
-999
-999
-999
24.2253
24.1952
24.391
24.3357
24.6219
24.4828
24.8543
24.7488
24.6097
24.4899
24.1894
23.9671
24.0231
23.8897
23.3998
23.0656
23.5849
23.8187
23.6451
23.2801
23.8251
23.8086
24.0582
-999
-999
-999
-999
-999
-999
-999
-999
-999
-999
-999
-999
-999
-999
-999
-999
-999
-999
-999
-999
-999
-999
-999
-999
-999
23.7039
-999
-999
-999
-999
-999
-999
-999
-999
-999
-999
24.4476
-999
-999
-999
-999
-999
-999
-999
-999
-999
-999
-999
-999
-999
-999
-999
-999
-999
-999
-999
-999
-999
-999
-999
-999
22.0902
-999
-999
-999
-999
-999
-999
-999
-999
-999
-999
-999
-999
-999
-999
-999
-999
-999
-999
-999
-999
23.0247
23.1373
-999
-999
23.9119
24.2633
24.4275
24.1701
-999
23.5339
24.2088
23.9198
-999
-999
-999
21.7051
23.8
24.1952
24.3257
-999
24.4469
24.1887
24.6011
24.7532
24.7897
24.6111
24.5043
24.2626
24.3458
24.231
23.8481
23.5174
23.6214
23.8187
23.4586
23.4299
23.5296
23.7606
23.7053
-999
-999
-999
-999
-999
-999
-999
-999
-999
-999
-999
-999
-999
-999
-999
-999
-999
-999
-999
-999
-999
-999
24.5201
24.6965
-999
-999
-999
-999
-999
-999
-999
-999
-999
-999
-999
-999
24.7022
24.7008
-999
-999
-999
-999
-999
-999
-999
-999
-999
-999
-999
-999
-999
-999
-999
-999
-999
-999
-999
-999
-999
-999
-999
-999
-999
-999
-999
-999
-999
-999
-999
-999
-999
-999
-999
-999
-999
-999
-999
-999
-999
-999
-999
23.1352
23.3052
23.1675
21.4799
-999
-999
-999
-999
-999
24.3551
-999
-999
-999
-999
-999
-999
22.2703
23.1624
23.625
24.2382
-999
24.1177
23.985
24.5129
24.6857
24.7983
24.675
24.5043
24.4986
24.4957
24.5143
24.1134
23.7756
23.7771
23.5913
23.3424
23.4299
23.5088
23.4249
-999
-999
-999
-999
-999
-999
-999
-999
-999
-999
-999
-999
-999
-999
-999
-999
-999
-999
-999
25.5478
-999
-999
-999
-999
-999
-999
25.0199
24.685
25.1426
-999
25.0099
24.5122
-999
-999
-999
-999
-999
-999
-999
24.5581
-999
-999
-999
-999
-999
-999
-999
-999
-999
-999
-999
-999
-999
-999
-999
-999
-999
-999
-999
-999
-999
-999
-999
-999
-999
-999
-999
-999
-999
-999
-999
-999
-999
-999
-999
-999
-999
-999
-999
-999
-999
-999
22.8799
21.5703
22.02
21.7718
-999
-999
-999
-999
-999
-999
-999
-999
-999
-999
-999
-999
23.09
23.0635
23.6035
23.3948
-999
23.4751
23.5999
24.2698
24.4878
24.6226
24.5473
24.642
24.5947
24.6649
24.5574
24.2382
23.8294
23.9169
23.6602
23.8581
23.5347
23.5497
-999
-999
-999
-999
-999
-999
-999
-999
25.7902
25.1548
24.845
-999
-999
-999
-999
-999
-999
-999
-999
25.6518
25.6339
-999
-999
-999
25.6597
25.8203
-999
-999
25.2975
24.8349
-999
24.4089
24.7001
-999
-999
-999
-999
-999
-999
-999
24.5767
-999
-999
-999
-999
-999
-999
-999
-999
-999
-999
-999
-999
-999
-999
-999
-999
-999
-999
-999
-999
-999
-999
-999
-999
-999
-999
-999
-999
-999
-999
-999
-999
-999
-999
-999
-999
-999
-999
-999
-999
-999
22.555
-999
21.7202
21.68
21.5
-999
-999
-999
-999
-999
-999
-999
20.8703
21.0797
-999
-999
-999
23.5052
23.5411
23.1366
22.9552
22.6324
22.6647
23.1086
23.5497
24.4003
24.5373
24.4871
24.5889
24.5767
24.6649
24.6155
24.4218
24.0066
24.0869
23.947
24.1206
24.0352
-999
-999
-999
-999
-999
-999
-999
-999
-999
25.8175
-999
-999
-999
-999
-999
-999
-999
-999
26.3553
25.9523
25.7414
25.7816
25.9602
26.3087
-999
25.91
-999
-999
25.8648
25.4897
25.6152
24.1973
24.4089
-999
-999
-999
-999
-999
-999
-999
-999
-999
26.2298
-999
-999
-999
-999
-999
-999
-999
-999
-999
-999
-999
-999
-999
-999
22.6453
-999
-999
-999
-999
-999
-999
-999
-999
-999
-999
-999
-999
-999
-999
-999
-999
-999
-999
-999
-999
-999
-999
-999
-999
-999
-999
-999
21.7202
-999
21.7403
-999
-999
-999
-999
-999
-999
-999
-999
-999
-999
20.5153
-999
23.7971
24.0539
23.3883
22.9781
22.7128
22.5779
23.1086
23.3102
23.478
24.3228
24.2303
24.4527
24.4849
24.604
24.5688
24.4218
24.3666
24.3594
24.1902
23.9126
-999
-999
-999
-999
-999
-999
-999
-999
-999
-999
26.0699
-999
-999
26.2786
-999
-999
-999
-999
-999
26.2241
26.0835
26.0799
26.1402
26.4479
26.5303
26.3302
26.1524
-999
-999
25.8426
25.8347
24.1873
24.7252
24.5574
24.515
23.45
-999
-999
-999
-999
-999
-999
-999
-999
-999
-999
-999
-999
-999
-999
-999
-999
-999
-999
23.5999
23.6422
23.4099
22.8469
22.8834
-999
-999
-999
-999
-999
-999
-999
-999
-999
-999
-999
-999
-999
-999
-999
-999
-999
-999
-999
-999
-999
-999
-999
-999
-999
-999
-999
-999
-999
21.5273
-999
-999
-999
-999
-999
-999
-999
22.5399
22.3348
20.8603
-999
-999
-999
23.98
24.0252
23.5103
22.8598
22.8038
22.5163
23.0699
23.5275
23.63
23.9549
24.4211
24.4247
24.4792
24.4864
24.6033
24.4856
24.5115
24.3759
-999
-999
-999
-999
-999
-999
-999
-999
-999
-999
-999
26.6623
26.5798
26.3159
26.2248
26.2499
25.9415
26.2786
26.3539
26.2198
26.2248
-999
26.0649
26.1402
26.5949
-999
26.5103
-999
-999
-999
25.3097
-999
24.685
-999
-999
-999
23.4952
-999
-999
-999
-999
-999
-999
-999
-999
-999
-999
25.3448
-999
-999
-999
-999
-999
24.4534
24.33
-999
24.2497
24.2203
23.4479
23.369
22.981
23.08
-999
-999
-999
-999
-999
23.0649
-999
-999
-999
22.0372
-999
-999
-999
-999
-999
-999
-999
-999
-999
-999
-999
-999
21.1672
-999
-999
-999
-999
21.5273
-999
22.2272
-999
-999
-999
22.1283
22.6202
23.0649
-999
22.0587
-999
-999
-999
23.98
24.2009
23.9277
23.3252
22.7099
22.5141
22.6597
23.5275
23.4228
23.98
24.2848
24.1844
24.4376
24.2777
24.5122
24.4189
24.5115
-999
-999
-999
-999
-999
-999
-999
-999
-999
-999
-999
-999
26.6028
26.5002
26.5325
26.2377
26.0089
26.1007
26.2851
26.3388
26.1423
-999
-999
-999
-999
-999
-999
-999
-999
-999
24.8048
24.7625
-999
-999
23.1703
23.255
23.2499
24.0647
23.3353
25.1247
25.4603
-999
-999
-999
-999
-999
-999
-999
25.5126
-999
-999
-999
-999
-999
-999
24.8973
24.8313
24.9174
24.2203
24.2052
23.5569
23.3009
24.0582
-999
-999
-999
-999
23.1933
23.0649
22.9623
22.8053
22.3549
21.9303
-999
-999
-999
-999
-999
-999
-999
-999
-999
-999
-999
21.3974
-999
21.6678
21.8177
-999
22.5901
-999
21.855
22.02
-999
-999
-999
-999
22.6202
-999
-999
-999
-999
-999
-999
24.1787
24.1077
24.1163
24.0288
23.3353
22.7773
23.0678
23.805
23.7642
24.0926
24.3063
24.1722
24.0697
23.7778
24.2483
23.9965
24.3924
-999
-999
-999
-999
-999
-999
-999
-999
-999
-999
-999
-999
26.1402
26.5074
26.2944
26.2592
26.3023
26.3761
26.2162
26.0591
26.0929
-999
-999
-999
-999
-999
-999
-999
-999
-999
24.9375
24.9052
23.6602
23.61
-999
-999
-999
-999
-999
-999
-999
-999
-999
-999
-999
-999
-999
-999
-999
-999
24.8564
-999
-999
-999
-999
-999
25.0773
-999
24.5602
24.0553
-999
24.0898
24.1335
24.3271
24.4799
-999
23.7799
23.3037
22.8089
23.44
22.5048
22.4603
22.3549
-999
21.7352
-999
-999
-999
-999
-999
-999
-999
-999
-999
-999
-999
21.4864
21.5373
21.3601
22.1075
22.6999
21.3702
20.9822
-999
20.9227
-999
-999
-999
-999
-999
-999
-999
-999
-999
23.9298
24.0073
23.8653
24.0152
23.8452
23.2585
22.9423
23.4493
23.6953
24.0926
23.998
23.8007
23.8194
23.6903
23.8438
-999
24.0152
-999
-999
-999
-999
-999
-999
-999
-999
-999
-999
-999
-999
-999
26.0663
26.0936
26.4249
26.4636
26.4679
26.0642
25.75
-999
-999
-999
-999
-999
-999
-999
-999
-999
-999
24.9934
-999
24.5115
-999
-999
-999
-999
-999
-999
-999
-999
-999
-999
-999
-999
-999
-999
23.7053
-999
24.9454
24.8564
-999
-999
-999
-999
-999
-999
-999
-999
-999
-999
23.7548
-999
24.4498
-999
-999
-999
22.3083
22.6676
23.0047
22.7149
22.9057
22.73
22.4381
22.2875
22.4725
-999
-999
-999
-999
-999
-999
-999
-999
-999
-999
21.2963
21.5502
21.5273
21.7001
-999
21.9052
20.9822
-999
20.8273
20.5296
-999
-999
-999
-999
-999
21.3601
-999
23.1796
23.6372
24.0116
23.8653
24.0546
23.7685
23.7441
23.1086
23.4852
23.9169
24.0503
23.8014
23.8007
23.6358
-999
23.8151
-999
-999
-999
-999
-999
-999
-999
-999
-999
-999
-999
-999
-999
-999
-999
25.7622
26.0699
26.4557
26.4873
26.3281
26.0642
25.7228
-999
-999
-999
-999
-999
-999
-999
-999
-999
24.6836
-999
-999
24.7503
-999
-999
-999
-999
-999
-999
-999
-999
-999
-999
-999
-999
-999
-999
-999
23.2478
25.1103
24.9482
-999
-999
-999
-999
-999
22.4747
-999
-999
-999
-999
-999
-999
-999
-999
-999
-999
22.2703
22.5385
-999
-999
22.7278
23.1452
22.3283
22.9222
22.4725
22.5335
22.4503
-999
-999
-999
-999
-999
-999
-999
-999
-999
21.5502
-999
-999
21.2748
20.9872
21.0898
-999
-999
-999
21.1902
-999
-999
-999
-999
-999
-999
-999
23.9528
24.2827
24.259
24.036
23.7685
23.7914
23.2299
-999
23.8301
24.0023
23.8373
23.4084
23.275
-999
-999
-999
-999
-999
-999
-999
-999
-999
-999
-999
-999
-999
-999
-999
-999
24.7747
25.7565
26.0097
26.4557
26.4902
26.0348
26.085
25.7823
-999
-999
-999
-999
-999
-999
-999
-999
-999
-999
-999
-999
-999
-999
-999
-999
-999
-999
-999
-999
-999
-999
-999
-999
-999
-999
-999
-999
-999
-999
24.8098
-999
-999
22.915
23.45
22.73
22.6475
22.2853
-999
-999
-999
-999
-999
-999
-999
-999
-999
-999
-999
-999
-999
-999
-999
-999
-999
22.3348
22.352
21.9181
-999
22.1347
-999
-999
21.3601
-999
-999
-999
-999
-999
-999
-999
-999
-999
21.0948
21.4053
-999
-999
20.8775
21.5502
-999
-999
-999
-999
-999
-999
-999
-999
24.0604
-999
24.1048
23.805
23.6401
22.1928
21.9949
24.0611
23.7297
23.4852
-999
-999
-999
-999
-999
-999
-999
-999
-999
-999
-999
-999
-999
-999
-999
-999
-999
24.4577
-999
25.3699
26.4249
26.4586
26.166
25.6719
26.1151
26.0914
-999
-999
-999
-999
-999
-999
-999
-999
-999
-999
-999
-999
-999
-999
-999
-999
-999
-999
-999
-999
-999
-999
-999
-999
-999
-999
-999
-999
-999
24.5703
-999
22.5349
23.3202
23.275
-999
22.6102
-999
-999
-999
-999
-999
-999
-999
-999
-999
-999
-999
-999
-999
-999
-999
-999
-999
-999
22.3298
22.0551
21.7603
21.8787
-999
-999
21.5653
21.3601
-999
-999
-999
-999
-999
-999
-999
-999
-999
-999
-999
-999
-999
-999
21.0998
-999
-999
-999
-999
-999
-999
-999
-999
-999
-999
-999
-999
23.6401
22.3535
22.1813
-999
-999
-999
-999
-999
-999
-999
-999
-999
-999
-999
-999
-999
-999
-999
-999
-999
-999
-999
-999
24.4577
24.6499
25.5664
25.8311
25.9953
26.1273
26.1682
26.2141
26.3518
-999
-999
-999
-999
-999
-999
-999
-999
-999
-999
-999
-999
-999
-999
-999
-999
-999
-999
-999
-999
-999
-999
-999
-999
-999
-999
-999
-999
-999
-999
23.3797
23.6903
23.0133
23.4048
22.6547
-999
-999
-999
-999
-999
-999
-999
-999
21.8801
-999
-999
-999
-999
-999
-999
-999
-999
21.4448
-999
22.3786
-999
21.7603
-999
-999
21.9898
21.3817
21.2382
-999
-999
-999
-999
-999
-999
-999
-999
-999
-999
-999
-999
-999
-999
-999
-999
-999
-999
-999
-999
-999
-999
-999
-999
-999
-999
-999
23.1151
22.8433
22.3664
-999
-999
-999
-999
-999
-999
-999
-999
-999
-999
-999
-999
-999
-999
-999
-999
-999
-999
-999
-999
24.7022
24.14
-999
-999
-999
-999
26.2062
26.1782
26.483
26.4385
26.4973
-999
-999
-999
-999
24.9848
25.22
-999
-999
-999
-999
-999
-999
-999
-999
-999
-999
-999
-999
-999
-999
-999
-999
-999
-999
-999
-999
-999
-999
-999
23.6903
23.8997
-999
23.6265
-999
-999
-999
-999
-999
23.1302
23.1653
-999
-999
-999
-999
-999
-999
-999
-999
-999
-999
-999
-999
-999
-999
-999
-999
-999
-999
-999
21.135
-999
-999
-999
-999
-999
-999
-999
20.5002
-999
-999
-999
-999
-999
20.96
20.8201
-999
-999
-999
-999
-999
-999
20.8997
-999
-999
-999
-999
-999
-999
22.5457
22.3664
-999
-999
-999
-999
-999
-999
-999
-999
-999
-999
-999
-999
-999
-999
-999
-999
-999
-999
-999
-999
-999
-999
-999
-999
-999
25.4933
25.7873
26.2858
26.6465
26.7527
26.2678
25.2351
-999
-999
24.4548
25.3147
25.446
25.3498
-999
-999
-999
-999
-999
-999
-999
-999
-999
24.3852
-999
-999
-999
-999
-999
-999
24.7947
-999
-999
-999
-999
-999
-999
24.6728
-999
-999
-999
-999
-999
24.0252
-999
23.3209
23.1653
23.3152
22.9752
-999
-999
-999
-999
-999
-999
-999
-999
-999
-999
-999
-999
-999
-999
-999
-999
-999
-999
-999
-999
-999
-999
-999
-999
-999
-999
-999
-999
20.6301
-999
-999
20.9528
-999
-999
-999
-999
-999
-999
-999
-999
-999
-999
-999
-999
-999
-999
-999
-999
-999
-999
-999
-999
-999
-999
-999
-999
-999
-999
-999
-999
-999
-999
-999
-999
-999
-999
-999
-999
-999
-999
-999
-999
23.7096
25.4531
25.8261
26.2284
26.6465
26.6852
25.7701
-999
-999
-999
-999
-999
25.9322
25.679
25.915
25.8397
25.3728
24.9497
-999
-999
-999
-999
-999
24.325
-999
-999
-999
-999
-999
24.5652
-999
-999
-999
25.1698
-999
25.3348
-999
25.1074
-999
-999
24.827
24.3802
24.6076
-999
23.9449
23.5547
23.4013
23.3138
22.6002
22.1053
-999
22.02
21.6951
-999
-999
-999
-999
-999
-999
-999
-999
-999
-999
-999
-999
-999
-999
-999
-999
-999
-999
-999
-999
-999
-999
-999
-999
-999
21.188
20.8101
21.67
21.7897
-999
-999
-999
-999
-999
-999
-999
-999
-999
20.2901
-999
-999
-999
-999
-999
-999
-999
-999
-999
-999
-999
-999
-999
-999
-999
-999
-999
-999
-999
-999
-999
-999
-999
-999
-999
-999
-999
-999
-999
-999
-999
-999
-999
-999
-999
25.1827
-999
25.7651
25.4847
25.745
25.4001
25.9322
26.0147
-999
25.5119
25.1734
-999
-999
-999
-999
-999
-999
-999
-999
-999
-999
-999
-999
-999
-999
-999
25.2853
25.1698
25.5499
25.3047
25.0307
24.6298
-999
-999
23.5999
25.025
23.6652
23.2334
22.7601
-999
-999
-999
-999
-999
-999
-999
-999
-999
-999
-999
-999
-999
-999
-999
-999
-999
21.49
21.1852
-999
-999
-999
-999
-999
-999
-999
-999
-999
-999
-999
-999
-999
-999
20.9076
-999
-999
-999
-999
-999
-999
-999
20.6853
-999
20.5949
20.7097
-999
20.2901
-999
-999
-999
-999
-999
-999
-999
-999
-999
-999
-999
-999
-999
-999
-999
-999
-999
-999
-999
-999
-999
-999
-999
-999
-999
-999
-999
-999
-999
-999
-999
-999
25.1397
-999
24.685
24.8736
25.4624
-999
-999
-999
25.2702
-999
-999
-999
-999
-999
-999
-999
-999
-999
-999
-999
-999
-999
-999
-999
24.7051
-999
-999
-999
24.8414
25.1942
25.3649
25.2315
-999
25.0013
24.9203
-999
23.9399
23.6924
23.9736
24.1651
23.2334
-999
-999
-999
-999
-999
-999
-999
-999
-999
-999
-999
-999
-999
-999
-999
-999
-999
-999
-999
21.1199
21.1615
-999
-999
-999
-999
-999
-999
-999
-999
-999
-999
-999
-999
-999
-999
-999
-999
-999
-999
-999
-999
-999
20.7498
20.9126
20.6301
21.0503
-999
20.8122
-999
-999
-999
-999
-999
-999
-999
-999
-999
-999
-999
-999
-999
-999
-999
-999
-999
-999
-999
-999
-999
-999
-999
-999
-999
-999
-999
-999
-999
-999
-999
24.8227
24.9898
24.7696
24.6542
24.7259
24.8772
-999
-999
-999
-999
-999
-999
23.7075
24.0503
-999
-999
-999
-999
-999
-999
-999
-999
-999
-999
24.5947
24.6707
24.8249
24.9647
-999
24.6599
24.718
25.0537
24.8019
-999
25.3814
-999
23.9019
-999
24.5739
24.429
24.2734
23.9951
-999
-999
-999
-999
-999
-999
-999
-999
-999
-999
-999
-999
-999
-999
-999
-999
-999
-999
-999
-999
-999
-999
-999
-999
-999
-999
-999
-999
-999
-999
-999
-999
-999
-999
-999
-999
-999
-999
-999
-999
-999
20.5397
-999
20.8553
-999
20.4378
20.4127
20.6803
-999
-999
-999
-999
-999
-999
-999
-999
-999
-999
-999
-999
-999
-999
-999
-999
-999
-999
-999
-999
-999
-999
-999
-999
-999
-999
-999
-999
-999
-999
-999
25.0974
24.7998
24.7324
24.586
24.4125
24.3472
23.9951
23.9599
23.975
23.5827
24.5502
23.7642
23.8918
-999
23.625
-999
24.0747
-999
-999
-999
-999
-999
-999
23.7197
24.4347
-999
23.9822
23.8172
-999
24.4498
25.035
25.5313
-999
-999
-999
-999
-999
25.2251
24.9274
24.6685
24.2985
24.1349
23.9026
23.6336
-999
-999
-999
-999
-999
-999
-999
-999
-999
-999
-999
-999
-999
-999
-999
-999
-999
-999
-999
-999
-999
-999
-999
-999
-999
-999
-999
-999
-999
-999
-999
-999
-999
-999
-999
-999
-999
-999
-999
-999
-999
-999
-999
20.4773
21.0847
-999
-999
-999
-999
-999
-999
-999
-999
-999
-999
-999
-999
-999
-999
-999
-999
-999
-999
-999
-999
-999
-999
-999
-999
-999
-999
26.3847
26.6924
25.9602
-999
25.603
25.5851
25.1462
24.7883
24.67
24.4347
24.4125
24.3322
24.7998
23.9736
23.8301
24.0955
23.7082
23.8961
23.9298
23.8911
23.7699
23.9614
24.3099
-999
-999
-999
-999
-999
23.6351
24.335
-999
-999
24.0869
24.3035
24.3551
25.1003
-999
25.6848
-999
-999
-999
-999
-999
25.2702
24.8514
24.6578
24.2999
-999
-999
22.8297
22.9652
22.6496
-999
-999
-999
-999
-999
-999
-999
-999
-999
-999
-999
-999
-999
-999
-999
-999
-999
-999
-999
-999
-999
-999
-999
-999
-999
-999
-999
-999
-999
-999
-999
20.5203
-999
20.8
-999
20.5053
20.7003
-999
-999
-999
-999
-999
-999
-999
-999
-999
-999
-999
-999
-999
-999
-999
-999
-999
-999
-999
-999
-999
-999
-999
-999
-999
-999
-999
-999
-999
-999
-999
-999
26.45
26.625
25.6876
25.2616
25.2373
25.0329
25.0909
25.1648
24.7725
24.6649
24.7869
24.8772
24.9712
24.5552
24.3501
24.2303
24.1199
24.1249
23.9298
23.8115
24.0252
23.4429
-999
-999
-999
-999
-999
-999
-999
-999
-999
-999
-999
-999
23.5899
-999
-999
-999
-999
-999
-999
-999
-999
24.9977
24.8514
24.4103
23.4199
-999
-999
22.8297
23.1051
23.4099
-999
-999
-999
-999
-999
-999
-999
-999
-999
-999
-999
21.1471
-999
-999
20.9248
-999
-999
-999
-999
-999
-999
-999
-999
-999
-999
-999
-999
-999
-999
-999
20.9198
20.785
20.293
20.8
20.9528
20.785
-999
-999
-999
-999
-999
-999
-999
-999
-999
-999
-999
-999
-999
-999
-999
-999
-999
-999
-999
-999
-999
-999
-999
-999
-999
-999
-999
-999
-999
-999
-999
-999
-999
-999
25.8877
25.6317
25.5248
25.7199
25.9078
25.9315
25.5177
25.6503
25.5499
25.1885
25.2903
24.5853
24.7216
-999
24.5502
24.3401
24.5602
24.0725
-999
-999
-999
-999
-999
-999
-999
-999
-999
-999
-999
-999
-999
-999
-999
23.6487
24.1851
-999
-999
-999
-999
-999
-999
-999
24.9561
24.6241
23.9298
-999
-999
-999
-999
23.8732
24.2174
24.0647
-999
-999
-999
-999
-999
-999
-999
-999
-999
-999
21.4175
21.0596
20.9198
20.9248
-999
20.805
-999
-999
-999
-999
-999
-999
-999
-999
-999
-999
-999
-999
-999
20.8251
20.6953
-999
20.4264
-999
-999
-999
-999
-999
-999
-999
-999
-999
-999
-999
-999
-999
-999
-999
-999
-999
-999
-999
-999
-999
-999
-999
-999
-999
-999
-999
-999
-999
-999
-999
-999
-999
-999
-999
-999
25.9752
25.9817
25.9028
-999
-999
25.6647
25.5177
-999
-999
-999
-999
-999
-999
-999
-999
24.2949
-999
-999
-999
-999
-999
-999
-999
-999
-999
-999
-999
-999
-999
-999
23.7548
-999
-999
24.4864
24.685
-999
-999
-999
-999
-999
24.68
24.8485
24.373
24.495
-999
-999
-999
24.7503
24.1263
24.1163
-999
24.2949
-999
23.6953
-999
-999
-999
-999
-999
-999
-999
-999
-999
-999
-999
-999
-999
20.9248
20.8402
-999
-999
-999
-999
-999
-999
-999
-999
-999
20.3647
20.9722
-999
20.44
20.4959
20.4723
20.1273
21.14
-999
-999
-999
-999
-999
-999
-999
-999
-999
-999
-999
-999
-999
-999
-999
-999
-999
-999
-999
-999
-999
-999
-999
-999
-999
-999
-999
-999
-999
-999
-999
-999
-999
-999
-999
-999
-999
-999
-999
-999
-999
-999
-999
-999
-999
-999
-999
-999
-999
-999
-999
-999
-999
-999
-999
-999
-999
-999
-999
24.1098
-999
-999
-999
23.265
-999
-999
-999
-999
24.4448
-999
24.4397
-999
23.7699
-999
23.5153
24.68
24.4003
25.1849
24.1751
25.5119
-999
25.1978
24.1428
24.1522
-999
-999
-999
-999
-999
-999
-999
-999
-999
-999
-999
-999
-999
-999
-999
-999
-999
-999
-999
-999
-999
-999
-999
-999
-999
-999
-999
-999
-999
-999
20.9722
20.7132
-999
20.2098
-999
-999
21.5896
21.2052
-999
-999
-999
-999
-999
-999
-999
-999
-999
-999
-999
-999
-999
-999
-999
-999
-999
-999
-999
-999
-999
-999
-999
-999
-999
-999
-999
-999
-999
-999
-999
-999
-999
-999
-999
-999
-999
-999
-999
-999
-999
22.8849
-999
-999
-999
-999
-999
-999
-999
-999
-999
-999
-999
-999
-999
-999
-999
-999
-999
-999
-999
-999
-999
-999
-999
-999
24.0568
-999
-999
-999
-999
-999
-999
-999
24.9697
25.4001
25.5607
25.6848
25.4567
24.8285
24.0517
23.3747
-999
-999
-999
-999
-999
-999
-999
-999
-999
-999
-999
-999
-999
-999
-999
-999
-999
-999
-999
-999
-999
-999
-999
-999
-999
-999
-999
-999
-999
-999
-999
-999
-999
-999
-999
-999
-999
-999
-999
-999
-999
-999
-999
-999
-999
-999
-999
-999
-999
-999
-999
-999
-999
-999
-999
-999
-999
-999
-999
-999
-999
-999
-999
-999
-999
-999
-999
-999
-999
-999
-999
-999
-999
-999
-999
-999
-999
-999
-999
-999
23.0047
-999
-999
-999
-999
-999
-999
-999
-999
-999
-999
22.7228
-999
-999
-999
-999
-999
-999
-999
-999
-999
-999
-999
-999
24.5552
-999
-999
-999
-999
-999
-999
-999
24.8077
25.1598
25.5815
25.3348
25.4101
25.2638
23.965
24.0898
23.5497
-999
-999
-999
-999
-999
-999
-999
-999
-999
-999
-999
-999
-999
-999
-999
-999
-999
-999
-999
-999
-999
-999
-999
-999
-999
-999
-999
-999
-999
-999
-999
-999
-999
-999
-999
-999
-999
-999
-999
-999
-999
-999
-999
-999
-999
-999
-999
-999
-999
-999
-999
-999
-999
-999
-999
-999
-999
-999
-999
-999
-999
-999
-999
-999
-999
-999
-999
-999
-999
-999
-999
-999
-999
-999
-999
-999
-999
-999
-999
-999
-999
-999
-999
-999
-999
-999
-999
-999
-999
-999
-999
-999
-999
-999
-999
-999
-999
-999
-999
-999
-999
-999
-999
-999
-999
-999
23.1502
-999
-999
-999
-999
25.0823
25.078
24.7998
25.2057
25.3326
25.6052
25.1964
25.2624
24.4053
23.8897
-999
-999
-999
-999
-999
-999
-999
-999
-999
-999
-999
-999
-999
-999
-999
-999
22.3599
-999
-999
-999
-999
-999
-999
-999
-999
-999
20.8452
20.9248
-999
-999
-999
-999
-999
-999
-999
-999
-999
-999
-999
-999
-999
-999
-999
-999
-999
-999
-999
-999
-999
-999
-999
-999
-999
-999
-999
-999
-999
-999
-999
-999
-999
-999
-999
-999
-999
-999
-999
-999
-999
-999
-999
-999
-999
-999
-999
-999
-999
-999
-999
-999
-999
-999
-999
-999
-999
-999
-999
-999
-999
-999
-999
-999
-999
-999
-999
-999
-999
-999
-999
-999
-999
-999
-999
23.8122
-999
-999
-999
24.8464
-999
-999
-999
25.0666
24.7947
25.1964
25.3161
25.3326
-999
25.248
25.3764
24.9454
23.8897
-999
-999
-999
-999
-999
-999
-999
-999
-999
-999
-999
-999
-999
22.8124
22.5198
22.5478
22.1699
22.4187
22.1397
21.8342
21.9748
-999
-999
21.33
-999
21.4297
-999
-999
-999
-999
-999
-999
-999
-999
-999
-999
-999
-999
-999
-999
-999
-999
-999
-999
-999
-999
-999
-999
-999
-999
-999
-999
-999
-999
-999
-999
-999
-999
-999
-999
-999
-999
-999
-999
-999
-999
-999
-999
-999
-999
-999
-999
-999
-999
-999
-999
-999
-999
-999
-999
-999
-999
-999
-999
-999
-999
-999
-999
-999
-999
-999
24.0725
-999
-999
-999
-999
-999
-999
-999
25.3025
25.1103
24.7015
24.6657
24.2224
24.2898
-999
24.6198
24.6248
-999
25.1619
25.2953
25.395
25.21
-999
25.1799
-999
24.7453
25.4603
25.3965
-999
23.615
-999
-999
-999
22.4503
-999
-999
-999
-999
-999
-999
-999
-999
-999
22.9552
22.8827
22.1275
22.1699
-999
-999
-999
-999
21.9002
21.7317
21.3853
21.3272
-999
-999
-999
-999
-999
21.7998
21.6599
-999
-999
-999
-999
-999
-999
-999
-999
-999
-999
-999
-999
-999
-999
-999
-999
-999
-999
-999
-999
-999
-999
-999
-999
-999
-999
-999
-999
-999
-999
-999
-999
-999
-999
-999
-999
-999
-999
-999
-999
-999
-999
-999
-999
-999
-999
-999
-999
-999
-999
-999
-999
-999
-999
-999
-999
-999
-999
23.9248
24.6147
24.3601
24.4448
25.0952
-999
-999
-999
24.5301
24.4297
24.8098
24.9102
24.6657
24.4835
24.4225
-999
24.7302
25.0178
-999
25.0902
24.9827
25.2423
-999
-999
25.4252
-999
25.6274
25.3879
25.3965
-999
-999
-999
-999
-999
21.8751
-999
-999
-999
-999
-999
-999
-999
-999
-999
-999
-999
21.8184
21.4433
21.4104
20.9973
20.8653
20.9069
21.4104
21.3616
21.3853
-999
20.4127
20.3547
-999
-999
-999
21.7998
-999
-999
-999
-999
-999
-999
-999
-999
-999
-999
-999
-999
-999
-999
-999
-999
-999
-999
-999
-999
-999
-999
-999
-999
-999
-999
-999
-999
-999
-999
-999
-999
-999
-999
-999
-999
-999
-999
-999
-999
-999
-999
-999
-999
-999
-999
-999
-999
-999
-999
-999
-999
-999
-999
-999
-999
-999
-999
-999
24.2898
24.4053
24.7151
24.9454
25.0952
-999
24.3702
-999
24.4899
-999
25.248
25.2337
24.7266
24.7725
24.5265
24.4197
24.8758
25.0178
-999
-999
25.1777
-999
-999
-999
-999
25.56
25.5966
25.5822
25.4452
-999
-999
-999
-999
-999
-999
-999
-999
-999
-999
-999
-999
-999
-999
-999
22.2652
21.817
21.9102
21.5122
21.6248
-999
21.0525
20.9349
20.9148
-999
20.4049
20.5203
-999
-999
-999
-999
-999
-999
-999
-999
-999
-999
-999
-999
-999
-999
-999
-999
-999
-999
-999
-999
-999
-999
-999
-999
-999
-999
-999
-999
-999
-999
-999
-999
-999
-999
-999
-999
-999
-999
-999
-999
-999
-999
-999
-999
-999
-999
-999
-999
-999
-999
-999
-999
-999
-999
-999
-999
24.86
25.3448
-999
-999
-999
-999
-999
-999
-999
-999
-999
-999
24.1048
24.9253
23.8301
-999
-999
-999
-999
25.38
25.035
24.7338
24.2583
24.4211
24.8636
24.7876
24.8579
-999
-999
-999
-999
-999
23.7247
25.0199
25.347
25.6044
25.5822
-999
-999
-999
-999
-999
-999
-999
-999
-999
-999
-999
-999
-999
-999
-999
-999
-999
22.035
-999
21.8399
-999
-999
20.8086
20.6028
20.6702
-999
-999
-999
-999
-999
-999
-999
-999
-999
-999
-999
-999
-999
-999
-999
-999
-999
-999
-999
-999
-999
-999
-999
-999
-999
-999
-999
-999
-999
-999
-999
-999
-999
-999
-999
-999
-999
-999
-999
-999
-999
-999
-999
-999
-999
-999
-999
-999
-999
-999
-999
-999
-999
-999
-999
-999
-999
-999
-999
25.4997
25.7701
25.3448
-999
-999
-999
-999
-999
-999
-999
-999
23.8101
24.8399
24.325
23.8997
-999
-999
-999
-999
25.0752
24.7847
24.0489
24.5947
24.7453
24.543
24.5947
24.2332
-999
-999
-999
-999
24.32
-999
25.6697
25.7407
26.0513
25.8167
-999
-999
-999
-999
-999
-999
-999
-999
-999
-999
-999
-999
-999
-999
21.0847
-999
-999
-999
-999
20.7498
20.8811
20.8667
20.8553
-999
-999
-999
-999
-999
-999
-999
-999
-999
-999
-999
-999
-999
-999
-999
-999
-999
-999
-999
-999
-999
-999
-999
-999
-999
-999
-999
-999
-999
-999
-999
-999
-999
-999
-999
-999
-999
-999
-999
-999
-999
-999
-999
-999
-999
-999
-999
-999
-999
-999
-999
-999
-999
-999
-999
-999
-999
-999
-999
-999
-999
25.4474
25.1397
25.3448
-999
-999
-999
-999
-999
-999
-999
-999
24.7101
-999
-999
-999
-999
-999
-999
-999
24.7302
25.2552
25.1727
25.1878
24.7453
24.6499
-999
-999
-999
-999
-999
-999
24.5251
-999
25.7931
26.0003
26.1459
25.9451
-999
-999
-999
-999
-999
-999
-999
-999
-999
-999
-999
-999
-999
-999
21.155
-999
-999
-999
-999
21.0188
21.1601
20.9463
-999
-999
-999
-999
-999
-999
-999
-999
-999
-999
-999
-999
-999
-999
-999
-999
-999
-999
-999
-999
-999
-999
-999
-999
-999
-999
-999
-999
-999
-999
-999
-999
-999
-999
-999
-999
-999
-999
-999
-999
-999
-999
-999
-999
-999
-999
-999
-999
-999
-999
-999
-999
-999
-999
-999
-999
-999
-999
-999
-999
-999
-999
25.3427
-999
-999
24.6972
-999
-999
-999
-999
-999
-999
-999
-999
-999
-999
-999
-999
-999
-999
-999
24.69
-999
25.1498
-999
24.9052
-999
-999
-999
-999
-999
-999
-999
-999
25.7414
25.9272
26.0706
25.9164
26.4801
25.4424
-999
-999
-999
-999
-999
-999
-999
-999
-999
-999
-999
21.5803
21.2024
21.3372
21.0152
-999
-999
-999
21.0998
-999
20.9198
-999
-999
-999
-999
-999
-999
-999
-999
-999
-999
-999
-999
-999
-999
-999
-999
-999
-999
-999
-999
-999
-999
-999
-999
-999
-999
-999
-999
-999
-999
-999
-999
-999
-999
-999
-999
-999
-999
-999
-999
-999
-999
-999
-999
-999
-999
-999
-999
-999
-999
-999
-999
-999
-999
-999
-999
-999
-999
-999
-999
-999
-999
-999
-999
-999
-999
-999
-999
-999
-999
-999
-999
-999
-999
-999
-999
-999
-999
-999
-999
-999
-999
-999
-999
-999
-999
-999
-999
-999
-999
-999
-999
-999
26.0398
26.0885
25.9272
26.521
26.2808
26.0025
-999
-999
-999
-999
-999
-999
-999
-999
-999
-999
-999
-999
-999
-999
-999
-999
-999
22.4574
-999
-999
22.1627
-999
-999
-999
-999
20.4049
-999
20.9449
-999
20.1452
-999
-999
-999
-999
-999
-999
-999
-999
-999
-999
-999
-999
-999
-999
-999
-999
-999
-999
-999
-999
-999
-999
-999
-999
-999
-999
-999
-999
-999
-999
-999
-999
-999
-999
-999
-999
-999
-999
-999
-999
-999
-999
-999
-999
-999
-999
-999
-999
-999
-999
-999
-999
-999
-999
-999
-999
-999
-999
-999
-999
24.0324
-999
-999
-999
-999
-999
-999
-999
-999
-999
-999
-999
-999
-999
-999
-999
-999
-999
-999
-999
-999
-999
-999
-999
-999
-999
25.9566
26.2141
26.331
26.2176
25.6711
-999
-999
-999
25.74
25.4653
-999
-999
-999
-999
-999
-999
-999
-999
-999
-999
22.725
22.7673
22.1699
-999
-999
22.5923
21.855
21.7524
-999
21.4398
20.4049
20.5153
20.7054
20.5834
-999
-999
-999
-999
-999
-999
-999
-999
-999
-999
-999
-999
-999
-999
-999
-999
-999
-999
-999
-999
-999
-999
-999
-999
-999
-999
-999
-999
-999
-999
-999
-999
-999
-999
-999
-999
-999
-999
-999
-999
-999
-999
-999
-999
-999
-999
-999
-999
-999
-999
-999
-999
-999
-999
-999
-999
-999
-999
-999
-999
-999
23.8323
-999
25.22
25.1498
-999
-999
-999
-999
-999
-999
-999
-999
-999
-999
-999
-999
-999
-999
-999
-999
-999
-999
-999
-999
-999
25.915
26.1273
26.3008
25.9616
26.1968
26.1065
-999
-999
25.75
25.7414
25.03
-999
-999
-999
-999
-999
-999
-999
-999
-999
23.3152
23.1753
-999
-999
23.3403
23.3353
22.6152
22.2122
22.0788
21.7438
21.1651
20.8373
20.6903
-999
-999
-999
-999
-999
-999
-999
-999
-999
-999
-999
-999
-999
-999
-999
-999
-999
-999
-999
-999
-999
-999
-999
-999
-999
-999
-999
-999
-999
-999
-999
-999
-999
-999
-999
-999
-999
-999
-999
-999
-999
-999
-999
-999
-999
-999
-999
-999
-999
-999
-999
-999
-999
-999
-999
-999
-999
-999
-999
-999
-999
-999
-999
-999
-999
25.3061
25.6353
-999
-999
-999
-999
-999
-999
-999
-999
-999
-999
-999
-999
-999
-999
-999
-999
-999
-999
-999
-999
-999
-999
25.6503
26.1603
26.199
26.1968
25.8074
26.1301
-999
26.1488
25.7414
-999
-999
-999
24.6778
-999
23.4981
23.8222
-999
24.0202
23.7498
23.9198
-999
-999
23.1
23.3991
-999
22.6152
-999
-999
21.8084
20.6953
20.625
-999
-999
-999
-999
-999
-999
-999
-999
-999
-999
-999
20.019
-999
-999
-999
-999
-999
-999
-999
-999
-999
-999
-999
-999
-999
-999
-999
-999
-999
-999
-999
-999
-999
-999
-999
-999
-999
-999
-999
-999
-999
-999
-999
-999
-999
-999
-999
-999
-999
-999
-999
-999
-999
-999
-999
-999
-999
-999
-999
-999
-999
-999
-999
-999
-999
-999
25.6948
-999
25.4703
-999
-999
-999
-999
-999
-999
-999
-999
-999
-999
-999
-999
-999
-999
-999
-999
-999
-999
24.1249
-999
-999
26.3331
26.5547
26.4471
26.4027
26.2442
25.9501
26.4335
26.3575
25.6152
-999
25.5578
25.3298
24.4598
-999
-999
24.2547
23.9736
23.7448
-999
-999
-999
-999
21.7603
-999
-999
-999
-999
20.79
21.1278
21.0797
20.2499
-999
-999
-999
-999
20.2499
-999
-999
-999
-999
-999
-999
-999
-999
-999
-999
-999
-999
-999
-999
-999
-999
-999
-999
-999
-999
-999
-999
-999
-999
-999
-999
-999
-999
-999
-999
-999
-999
-999
-999
-999
-999
-999
-999
-999
-999
-999
-999
-999
-999
-999
-999
-999
-999
-999
-999
-999
-999
-999
-999
-999
-999
-999
-999
-999
-999
-999
-999
-999
-999
-999
-999
-999
-999
-999
-999
-999
-999
-999
-999
-999
-999
-999
-999
-999
-999
-999
-999
-999
-999
-999
-999
26.658
-999
26.5619
-999
25.8641
-999
25.375
-999
25.9903
25.3879
24.931
25.4947
-999
24.7453
-999
24.0776
-999
-999
-999
-999
-999
21.6578
-999
20.8997
-999
20.4852
20.6724
21.1751
21.5839
-999
-999
-999
20.3798
-999
-999
-999
-999
-999
-999
-999
-999
-999
-999
-999
-999
-999
-999
-999
-999
-999
-999
-999
-999
-999
-999
-999
-999
-999
-999
-999
-999
-999
-999
-999
-999
-999
-999
-999
-999
-999
-999
-999
-999
-999
-999
-999
-999
-999
-999
-999
-999
-999
-999
-999
-999
-999
-999
-999
-999
-999
-999
-999
-999
-999
-999
-999
-999
-999
-999
-999
-999
-999
-999
-999
-999
-999
-999
-999
-999
-999
-999
-999
-999
-999
-999
-999
-999
-999
-999
-999
-999
-999
-999
-999
25.7601
25.565
25.6052
-999
-999
25.2337
25.3879
24.9683
25.2702
-999
-999
-999
-999
-999
-999
-999
-999
22.1584
21.3659
21.2303
20.8502
20.605
21.0503
20.6724
-999
21.7152
21.8148
21.6449
20.8753
20.2026
-999
-999
-999
-999
-999
-999
-999
-999
-999
-999
-999
-999
-999
-999
-999
-999
-999
-999
-999
-999
-999
-999
-999
-999
-999
-999
-999
-999
-999
-999
-999
-999
-999
-999
-999
-999
-999
-999
-999
-999
-999
-999
-999
-999
-999
-999
-999
-999
-999
-999
-999
-999
-999
-999
-999
-999
-999
-999
-999
-999
-999
-999
-999
-999
-999
-999
-999
-999
-999
-999
-999
-999
-999
-999
-999
-999
-999
-999
-999
-999
-999
-999
-999
-999
-999
-999
-999
-999
-999
-999
-999
-999
25.565
-999
-999
-999
-999
-999
-999
24.2798
23.6702
23.2299
-999
-999
-999
22.7522
22.4223
22.2322
21.9999
21.3659
21.0503
20.7735
20.6085
-999
-999
-999
20.9349
21.7302
-999
20.3547
-999
-999
-999
-999
-999
-999
-999
-999
-999
-999
-999
-999
-999
-999
-999
-999
-999
-999
-999
-999
-999
-999
-999
-999
-999
-999
-999
-999
-999
-999
-999
-999
-999
-999
-999
-999
-999
-999
-999
-999
-999
-999
-999
-999
-999
-999
-999
-999
-999
-999
-999
-999
-999
-999
-999
-999
-999
-999
-999
-999
-999
-999
-999
-999
-999
-999
-999
-999
-999
-999
-999
-999
-999
-999
-999
-999
-999
-999
25.3047
-999
-999
-999
24.9697
-999
-999
-999
-999
-999
-999
-999
-999
-999
-999
-999
-999
-999
-999
24.3135
-999
-999
23.9549
24.1737
23.9499
-999
-999
23.1653
23.0075
22.4266
21.8952
21.6147
21.2942
21.4297
-999
-999
-999
-999
-999
20.9349
-999
-999
-999
-999
-999
-999
-999
-999
-999
-999
-999
-999
-999
-999
-999
-999
-999
-999
-999
-999
-999
-999
-999
-999
-999
-999
-999
-999
-999
-999
-999
-999
-999
-999
-999
-999
-999
-999
-999
-999
-999
-999
-999
-999
-999
-999
-999
-999
-999
-999
-999
-999
-999
-999
-999
-999
-999
-999
-999
-999
-999
-999
-999
-999
-999
-999
-999
-999
-999
-999
-999
-999
-999
-999
-999
-999
-999
-999
-999
-999
-999
-999
-999
-999
-999
-999
24.6384
23.7448
-999
22.4847
-999
-999
-999
-999
-999
-999
-999
-999
-999
24.2303
24.2597
23.98
-999
24.8579
23.8416
24.0467
-999
-999
23.1653
23.0247
22.565
-999
-999
-999
-999
22.0917
-999
-999
-999
21.1622
21.0482
20.0599
-999
-999
-999
-999
-999
-999
-999
-999
-999
-999
-999
-999
-999
-999
-999
-999
-999
-999
-999
-999
-999
-999
-999
-999
-999
-999
-999
-999
-999
-999
-999
-999
-999
-999
-999
-999
-999
-999
-999
-999
-999
-999
-999
-999
-999
-999
-999
-999
-999
-999
-999
-999
-999
-999
-999
-999
-999
-999
-999
-999
-999
-999
-999
-999
-999
-999
-999
-999
-999
-999
-999
-999
-999
-999
-999
-999
-999
-999
-999
-999
-999
-999
-999
-999
-999
-999
-999
-999
22.3649
-999
-999
-999
-999
-999
-999
22.1928
-999
-999
23.6802
24.0647
24.6549
25.0723
24.8579
24.2518
24.1428
24.7696
24.3773
23.6351
-999
-999
-999
23.0699
22.7501
22.5801
22.0917
-999
22.2322
21.685
21.1271
20.6351
-999
-999
-999
-999
-999
-999
-999
-999
-999
-999
-999
-999
-999
-999
-999
-999
-999
-999
-999
-999
-999
-999
-999
-999
-999
-999
-999
-999
-999
-999
-999
-999
-999
-999
-999
-999
-999
-999
-999
-999
-999
-999
-999
-999
-999
-999
-999
-999
-999
-999
-999
-999
-999
-999
-999
-999
-999
-999
-999
-999
-999
-999
-999
-999
-999
-999
-999
-999
-999
-999
-999
-999
-999
-999
-999
-999
-999
-999
-999
-999
-999
-999
-999
-999
-999
-999
-999
-999
-999
-999
-999
-999
-999
-999
-999
23.0649
-999
-999
-999
-999
24.6972
24.9432
-999
24.7818
24.6119
24.3436
24.566
24.0604
-999
23.9822
23.8703
-999
22.9831
22.8949
22.9903
22.3872
22.5464
22.3664
21.898
21.4699
-999
-999
-999
-999
-999
-999
20.1481
-999
-999
-999
-999
-999
-999
-999
-999
-999
-999
-999
-999
-999
-999
-999
-999
-999
-999
-999
-999
-999
-999
-999
-999
-999
-999
-999
-999
-999
-999
-999
-999
-999
-999
-999
-999
-999
-999
-999
-999
-999
-999
-999
-999
-999
-999
-999
-999
-999
-999
-999
-999
-999
-999
-999
-999
-999
-999
-999
-999
-999
-999
-999
-999
-999
-999
-999
-999
-999
-999
-999
-999
-999
-999
-999
-999
-999
-999
-999
-999
-999
-999
-999
-999
-999
-999
-999
-999
-999
-999
23.2872
24.8901
-999
-999
24.4397
-999
-999
-999
-999
24.2748
-999
-999
-999
23.8524
23.8703
23.7297
23.5648
22.9552
22.725
22.395
21.9468
22.2201
21.9719
22.1447
21.4469
20.8502
-999
20.5053
20.5799
20.2299
20.255
-999
-999
-999
-999
-999
-999
-999
-999
-999
-999
-999
-999
-999
-999
-999
-999
-999
-999
-999
-999
-999
-999
-999
-999
-999
-999
-999
-999
-999
-999
-999
-999
-999
-999
-999
-999
-999
-999
-999
-999
-999
-999
-999
-999
-999
-999
-999
-999
-999
-999
-999
-999
-999
-999
-999
-999
-999
-999
-999
-999
-999
-999
-999
-999
-999
-999
-999
-999
-999
-999
-999
-999
-999
-999
-999
-999
-999
-999
-999
-999
-999
-999
-999
-999
-999
-999
-999
-999
-999
-999
-999
-999
25.1031
24.713
24.0001
-999
-999
-999
-999
24.2748
-999
-999
23.6078
-999
24.0202
-999
-999
23.2449
21.9547
22.0867
21.8371
22.2201
-999
-999
-999
20.5253
20.5569
-999
20.5799
-999
-999
-999
-999
-999
-999
-999
-999
-999
-999
-999
-999
-999
-999
-999
-999
-999
-999
-999
-999
-999
-999
-999
-999
-999
-999
-999
-999
-999
-999
-999
-999
-999
-999
-999
-999
-999
-999
-999
-999
-999
-999
-999
-999
-999
-999
-999
-999
-999
-999
-999
-999
-999
-999
-999
-999
-999
-999
-999
-999
-999
-999
-999
-999
-999
-999
-999
-999
-999
-999
-999
-999
-999
-999
-999
-999
-999
-999
-999
-999
-999
-999
-999
-999
-999
-999
-999
-999
-999
-999
-999
-999
-999
-999
-999
-999
24.0001
23.4199
-999
-999
23.3597
-999
-999
-999
23.7814
-999
-999
22.4051
-999
-999
21.6198
22.0063
21.4347
-999
-999
20.3382
20.6853
-999
-999
-999
-999
-999
-999
-999
-999
-999
-999
-999
-999
-999
-999
-999
-999
-999
-999
-999
-999
-999
-999
-999
-999
-999
-999
-999
-999
-999
-999
-999
-999
-999
-999
-999
-999
-999
-999
-999
-999
-999
-999
-999
-999
-999
-999
-999
-999
-999
-999
-999
-999
-999
-999
-999
-999
-999
-999
-999
-999
-999
-999
-999
-999
-999
-999
-999
-999
-999
-999
-999
-999
-999
-999
-999
-999
-999
-999
-999
-999
-999
-999
-999
-999
-999
-999
-999
-999
-999
-999
-999
-999
-999
-999
-999
-999
-999
-999
-999
-999
-999
-999
-999
23.5203
-999
22.8734
22.4108
23.0047
-999
22.2201
22.8153
22.74
-999
-999
-999
-999
-999
21.2346
20.1352
20.3382
-999
-999
-999
-999
-999
-999
-999
-999
-999
-999
-999
-999
-999
-999
-999
-999
-999
-999
-999
-999
-999
-999
-999
-999
-999
-999
-999
-999
-999
-999
-999
-999
-999
-999
-999
-999
-999
-999
-999
-999
-999
-999
-999
-999
-999
-999
-999
-999
-999
-999
-999
-999
-999
-999
-999
-999
-999
-999
-999
-999
-999
-999
-999
-999
-999
-999
-999
-999
-999
-999
-999
-999
-999
-999
-999
-999
-999
-999
-999
-999
-999
-999
-999
-999
-999
-999
-999
-999
-999
-999
-999
-999
-999
-999
-999
-999
-999
-999
-999
-999
-999
-999
-999
-999
-999
-999
-999
-999
23.0047
22.991
-999
22.8426
22.6152
22.6303
-999
23.0398
-999
22.8168
-999
-999
-999
-999
-999
-999
-999
-999
20.1746
-999
-999
-999
-999
-999
-999
-999
-999
-999
-999
-999
-999
-999
-999
-999
-999
-999
-999
-999
-999
-999
-999
-999
-999
-999
-999
-999
-999
-999
-999
-999
-999
-999
-999
-999
-999
-999
-999
-999
-999
-999
-999
-999
-999
-999
-999
-999
-999
-999
-999
-999
-999
-999
-999
-999
-999
-999
-999
-999
-999
-999
-999
-999
-999
-999
-999
-999
-999
-999
-999
-999
-999
-999
-999
-999
-999
-999
-999
-999
-999
-999
-999
-999
-999
-999
-999
-999
-999
-999
-999
-999
-999
-999
-999
-999
-999
-999
-999
-999
-999
-999
-999
-999
-999
-999
-999
-999
-999
22.9114
23.0398
23.2098
22.6002
22.4503
-999
-999
-999
-999
-999
-999
-999
-999
-999
-999
-999
-999
-999
-999
-999
-999
-999
-999
-999
-999
-999
-999
-999
-999
-999
-999
-999
-999
-999
-999
-999
-999
-999
-999
-999
-999
-999
-999
-999
-999
-999
-999
-999
-999
-999
-999
-999
-999
-999
-999
-999
-999
-999
-999
-999
-999
-999
-999
-999
-999
-999
-999
-999
-999
-999
-999
-999
-999
-999
-999
-999
-999
-999
-999
-999
-999
-999
-999
-999
-999
-999
-999
-999
-999
-999
-999
-999
-999
-999
-999
-999
-999
-999
-999
-999
-999
-999
-999
-999
-999
-999
-999
-999
-999
-999
-999
-999
-999
-999
-999
-999
-999
-999
-999
-999
-999
-999
22.9114
22.9552
22.2
-999
21.865
21.6219
-999
-999
-999
21.0023
20.6774
20.4651
-999
-999
-999
-999
-999
-999
-999
-999
-999
-999
-999
-999
-999
-999
-999
-999
-999
-999
-999
-999
-999
-999
-999
-999
-999
-999
-999
-999
-999
-999
-999
-999
-999
-999
-999
-999
-999
-999
-999
-999
-999
-999
-999
-999
-999
-999
-999
-999
-999
-999
-999
-999
-999
-999
-999
-999
-999
-999
-999
-999
-999
-999
-999
-999
-999
-999
-999
-999
-999
-999
-999
-999
-999
-999
-999
-999
-999
-999
-999
-999
-999
-999
-999
-999
-999
-999
-999
-999
-999
-999
-999
-999
-999
-999
-999
-999
-999
-999
-999
-999
-999
-999
-999
-999
-999
-999
-999
-999
-999
-999
-999
-999
-999
21.8701
22.0027
22.1053
21.2899
21.4469
20.9198
20.3848
-999
-999
-999
-999
-999
-999
-999
-999
-999
-999
-999
-999
-999
-999
-999
-999
-999
-999
-999
-999
-999
-999
-999
-999
-999
-999
-999
-999
-999
-999
-999
-999
-999
-999
-999
-999
-999
-999
-999
-999
-999
-999
-999
-999
-999
-999
-999
-999
-999
-999
-999
-999
-999
-999
-999
-999
-999
-999
-999
-999
-999
-999
-999
-999
-999
-999
-999
-999
-999
-999
-999
-999
-999
-999
-999
-999
-999
-999
-999
-999
-999
-999
-999
-999
-999
-999
-999
-999
-999
-999
-999
-999
-999
-999
-999
-999
-999
-999
-999
-999
-999
-999
-999
-999
-999
-999
-999
-999
-999
-999
-999
-999
-999
-999
-999
-999
-999
21.6829
21.6298
20.9198
-999
-999
-999
-999
-999
-999
-999
-999
-999
-999
-999
-999
-999
-999
-999
-999
-999
-999
-999
-999
-999
-999
-999
-999
-999
-999
-999
-999
-999
-999
-999
-999
-999
-999
-999
-999
-999
-999
-999
-999
-999
-999
-999
-999
-999
-999
-999
-999
-999
-999
-999
-999
-999
-999
-999
-999
-999
-999
-999
-999
-999
-999
-999
-999
-999
-999
-999
-999
-999
-999
-999
-999
-999
-999
-999
-999
-999
-999
-999
-999
-999
-999
-999
-999
-999
-999
-999
-999
-999
-999
-999
-999
-999
-999
-999
-999
-999
-999
-999
-999
-999
-999
-999
-999
-999
-999
-999
-999
-999
-999
-999
-999
-999
-999
-999
-999
-999
-999
-999
-999
20.96
-999
-999
-999
-999
-999
-999
-999
-999
-999
-999
-999
-999
-999
-999
-999
-999
-999
-999
-999
-999
-999
-999
-999
-999
-999
-999
-999
-999
-999
-999
-999
-999
-999
-999
-999
-999
-999
-999
-999
-999
-999
-999
-999
-999
-999
-999
-999
-999
-999
-999
-999
-999
-999
-999
-999
-999
-999
-999
-999
-999
-999
-999
-999
-999
-999
-999
-999
-999
-999
-999
-999
-999
-999
-999
-999
-999
-999
-999
-999
-999
-999
-999
-999
-999
-999
-999
-999
-999
-999
-999
-999
-999
-999
-999
-999
-999
-999
-999
-999
-999
-999
-999
-999
-999
-999
-999
-999
-999
-999
-999
-999
-999
-999
-999
-999
-999
-999
-999
-999
-999
-999
-999
-999
-999
-999
-999
-999
-999
-999
-999
-999
-999
-999
-999
-999
-999
-999
-999
-999
-999
-999
-999
-999
-999
-999
-999
-999
-999
-999
-999
-999
-999
-999
-999
-999
-999
-999
-999
-999
-999
-999
-999
-999
-999
-999
-999
-999
-999
-999
-999
-999
-999
-999
-999
-999
-999
-999
-999
-999
-999
-999
-999
-999
-999
-999
-999
-999
-999
-999
-999
-999
-999
-999
-999
-999
-999
-999
-999
-999
-999
-999
-999
-999
-999
-999
-999
-999
-999
-999
-999
-999
-999
-999
-999
-999
-999
-999
-999
-999
-999
-999
-999
-999
-999
-999
-999
-999
-999
-999
-999
-999
-999
-999
-999
-999
-999
-999
-999
-999
-999
-999
-999
-999
-999
-999
-999
-999
-999
-999
-999
-999
-999
-999
-999
-999
-999
-999
-999
-999
-999
-999
-999
-999
-999
-999
-999
-999
-999
-999
-999
-999
-999
-999
-999
-999
-999
-999
-999
-999
-999
-999
-999
-999
-999
-999
-999
-999
-999
-999
-999
-999
-999
-999
-999
-999
-999
-999
-999
-999
-999
-999
-999
-999
-999
-999
-999
-999
-999
-999
-999
-999
-999
-999
-999
-999
-999
-999
-999
-999
-999
-999
-999
-999
-999
-999
-999
-999
-999
-999
-999
-999
-999
-999
-999
-999
-999
-999
-999
-999
-999
-999
-999
-999
-999
-999
-999
-999
-999
-999
-999
-999
-999
-999
-999
-999
-999
-999
-999
-999
-999
-999
-999
-999
-999
-999
-999
-999
-999
-999
-999
-999
-999
-999
-999
-999
-999
-999
-999
-999
-999
-999
-999
-999
-999
-999
-999
-999
-999
-999
-999
-999
-999
-999
-999
-999
-999
-999
-999
-999
-999
-999
-999
-999
-999
-999
-999
-999
-999
-999
-999
-999
-999
-999
-999
-999
-999
-999
-999
-999
-999
-999
-999
-999
-999
-999
-999
-999
-999
-999
-999
-999
-999
-999
-999
-999
-999
-999
-999
-999
-999
-999
-999
-999
-999
-999
-999
-999
-999
-999
-999
-999
-999
-999
-999
-999
-999
-999
-999
-999
-999
-999
-999
-999
-999
-999
-999
-999
-999
-999
-999
-999
-999
-999
-999
-999
-999
-999
-999
-999
-999
-999
-999
-999
-999
-999
-999
-999
-999
-999
-999
-999
-999
-999
-999
-999
-999
-999
-999
-999
-999
-999
-999
-999
-999
-999
-999
-999
-999
-999
-999
-999
-999
-999
-999
-999
-999
-999
-999
-999
-999
-999
-999
-999
-999
-999
-999
-999
-999
-999
-999
-999
