26.2585
25.9752
-999
-999
26.1897
26.28
25.8798
-999
-999
-999
-999
-999
-999
-999
-999
-999
-999
-999
-999
-999
-999
-999
-999
-999
-999
-999
-999
-999
-999
-999
-999
-999
-999
-999
-999
-999
-999
-999
-999
-999
-999
-999
26.445
-999
-999
-999
-999
-999
-999
26.2241
26.3862
26.3518
26.3589
26.3453
26.3926
26.3159
26.4149
26.455
-999
-999
-999
-999
-999
26.4479
-999
-999
-999
-999
-999
-999
-999
-999
-999
-999
25.8547
-999
-999
-999
-999
-999
-999
-999
-999
-999
-999
-999
-999
-999
-999
-999
25.1698
25.025
24.9497
-999
-999
-999
-999
-999
-999
-999
-999
-999
-999
-999
-999
-999
-999
-999
-999
-999
-999
-999
25.0752
24.7001
24.9454
24.9461
24.7747
24.5975
24.8055
24.4648
24.7869
26.2736
26.2836
-999
-999
26.3353
26.2549
25.8798
-999
-999
-999
-999
-999
-999
-999
-999
-999
-999
-999
-999
-999
-999
-999
-999
-999
-999
-999
-999
-999
-999
-999
-999
-999
-999
-999
-999
-999
-999
-999
-999
-999
-999
-999
26.445
26.4177
26.2958
26.1897
26.1409
26.0075
-999
25.7586
26.2241
26.28
26.2564
26.3582
26.3367
26.3159
26.3618
26.3023
-999
26.4601
-999
-999
-999
26.4149
-999
-999
-999
-999
-999
-999
-999
-999
-999
-999
-999
-999
-999
-999
-999
-999
-999
-999
-999
-999
-999
-999
-999
-999
-999
-999
25.1698
25.1634
25.0773
-999
-999
-999
-999
-999
-999
-999
-999
-999
-999
-999
24.6047
-999
-999
-999
-999
-999
-999
24.9203
-999
24.8808
24.9116
24.8665
24.779
24.7402
24.9798
24.8378
24.9963
26.4801
26.0147
-999
-999
26.275
26.1588
26.3697
26.3553
-999
-999
-999
-999
-999
-999
-999
-999
-999
-999
-999
-999
-999
-999
-999
-999
-999
-999
-999
-999
-999
-999
-999
-999
-999
-999
-999
-999
-999
-999
-999
-999
-999
-999
26.4199
26.5275
26.2922
26.176
26.1
26.0398
25.6948
25.1648
26.1803
26.1674
26.1251
26.1581
26.1861
26.3388
26.3094
26.3553
26.3747
-999
-999
-999
25.7551
26.44
26.4428
26.3102
-999
26.2298
-999
-999
-999
-999
-999
-999
-999
-999
-999
-999
-999
-999
-999
-999
-999
-999
-999
-999
-999
-999
26.0376
25.9623
25.3986
25.4094
25.258
25.1827
25.0967
24.9461
24.8399
-999
24.845
24.6449
24.7302
24.86
-999
-999
24.7603
-999
-999
-999
-999
-999
24.7761
24.8342
24.9626
24.8636
24.8163
24.8134
24.9052
24.6097
24.9798
24.7632
23.5748
26.4801
-999
-999
26.2148
26.402
26.0527
26.4349
26.4651
-999
-999
-999
-999
-999
-999
-999
-999
-999
-999
-999
-999
-999
-999
-999
-999
-999
-999
-999
-999
-999
-999
-999
-999
-999
-999
-999
-999
-999
-999
-999
-999
-999
-999
-999
-999
25.8698
26.1925
26.0097
26.0398
26.0412
-999
-999
26.1875
26.1782
26.1258
26.0491
26.1832
26.2011
26.2485
26.2485
-999
26.1301
26.45
-999
26.5468
26.5669
26.3102
26.3467
26.2772
-999
26.2514
-999
-999
26.2198
-999
-999
-999
-999
-999
-999
-999
-999
-999
-999
-999
25.8296
-999
25.5887
-999
26.0097
26.1753
25.555
24.9454
25.258
25.3004
24.9769
24.9633
24.9575
24.756
24.812
24.7668
24.7015
-999
-999
24.8084
24.7603
24.4498
-999
-999
-999
24.9454
24.8744
24.8342
24.8213
24.2647
24.7324
24.7983
24.8234
24.7453
-999
-999
24.1098
-999
-999
26.2571
26.3475
26.5203
26.1201
26.3969
-999
-999
-999
-999
-999
-999
-999
-999
-999
-999
-999
-999
-999
-999
-999
-999
-999
-999
-999
-999
-999
-999
-999
-999
-999
-999
-999
-999
-999
-999
-999
-999
-999
-999
-999
-999
25.3197
25.92
24.9748
26.1223
26.1086
26.1474
26.1753
-999
25.555
26.1782
25.7465
25.8433
25.8296
26.0398
26.1983
26.0534
-999
26.4952
-999
-999
26.5698
26.5253
26.2886
-999
-999
-999
-999
-999
26.3281
26.2435
26.1373
25.3147
25.4617
25.9724
-999
-999
-999
-999
-999
-999
25.8296
26.0111
25.8877
-999
-999
-999
-999
-999
25.57
25.2208
25.2444
24.9102
24.9626
24.9948
24.7474
24.6513
24.7668
24.6176
-999
-999
-999
24.8701
-999
-999
-999
-999
-999
24.8772
24.7826
24.4426
24.2647
24.8249
-999
24.8772
24.5904
-999
-999
24.1098
-999
25.8103
26.308
26.4852
26.4601
26.2915
26.2098
-999
-999
-999
-999
25.92
-999
-999
-999
-999
-999
-999
-999
-999
-999
-999
-999
-999
-999
-999
-999
-999
-999
-999
-999
-999
-999
-999
-999
-999
-999
-999
-999
-999
-999
-999
-999
-999
25.92
-999
-999
26.1947
26.1581
26.0025
-999
25.3628
-999
25.6001
26.0663
25.8576
26.1366
26.1983
26.1653
-999
-999
-999
-999
-999
-999
-999
-999
-999
-999
-999
-999
26.1868
26.1997
26.0885
25.9351
25.9028
26.0283
25.9716
-999
-999
-999
-999
-999
-999
-999
25.75
-999
-999
-999
-999
-999
25.4503
25.2423
25.2121
24.9712
25.0264
-999
24.8034
24.8865
24.9066
24.8048
-999
-999
-999
-999
-999
-999
-999
-999
-999
-999
-999
-999
-999
24.9102
-999
24.7976
24.8952
-999
-999
-999
-999
25.9128
26.4048
26.4048
26.4873
26.3532
-999
-999
26.1524
-999
-999
25.92
-999
-999
-999
-999
-999
-999
-999
-999
-999
-999
-999
-999
-999
-999
-999
-999
-999
-999
-999
-999
-999
-999
-999
-999
-999
-999
-999
-999
-999
-999
-999
-999
-999
-999
-999
-999
26.3747
-999
-999
-999
25.74
24.7302
26.2528
26.1868
26.237
26.2019
26.095
-999
-999
-999
-999
-999
-999
-999
-999
-999
-999
25.8418
26.265
26.2169
26.1997
26.1839
26.1409
26.1552
26.0627
25.9716
25.8569
25.8748
-999
-999
-999
-999
-999
-999
-999
-999
-999
-999
25.745
25.7472
25.4151
25.2889
24.9712
-999
-999
-999
-999
-999
-999
-999
-999
-999
-999
-999
-999
-999
-999
-999
-999
-999
-999
-999
24.2303
-999
24.9812
24.8672
24.9697
-999
-999
-999
26.0498
26.5153
26.3073
26.4199
26.1947
-999
25.38
25.8727
-999
-999
25.5198
-999
-999
-999
24.6599
-999
-999
-999
-999
-999
-999
-999
-999
-999
-999
-999
-999
-999
-999
-999
-999
-999
-999
-999
-999
-999
-999
-999
-999
-999
22.025
-999
-999
-999
-999
-999
-999
-999
-999
-999
-999
-999
-999
-999
26.2313
26.2872
26.1151
-999
-999
-999
-999
-999
-999
-999
-999
-999
25.6848
-999
26.052
26.1631
26.0878
26.2528
26.1882
26.1911
26.1803
26.0929
26.057
25.9164
25.986
25.6898
-999
-999
-999
-999
-999
-999
-999
-999
-999
-999
-999
-999
-999
25.2953
-999
-999
-999
-999
-999
-999
-999
-999
-999
-999
-999
-999
-999
-999
-999
-999
-999
-999
-999
-999
-999
-999
-999
-999
-999
-999
25.2602
26.2879
26.3847
26.3553
26.5153
26.3647
26.2198
26.3532
25.8727
-999
-999
-999
-999
-999
25.0501
24.5251
-999
-999
-999
-999
-999
-999
-999
-999
-999
-999
-999
-999
-999
-999
-999
-999
-999
-999
-999
-999
-999
-999
-999
-999
-999
22.025
-999
-999
-999
26.1603
26.2399
-999
-999
-999
25.8296
-999
-999
-999
-999
-999
-999
-999
-999
-999
-999
-999
25.9552
-999
-999
-999
26.1337
25.8218
26.176
26.0276
26.118
26.0678
26.2442
26.1158
26.2011
26.156
26.0835
26.0663
26.1
26.0305
26.0548
-999
-999
-999
-999
-999
-999
-999
-999
-999
-999
-999
-999
-999
-999
-999
-999
-999
-999
-999
-999
-999
-999
-999
-999
-999
-999
-999
-999
-999
-999
24.155
24.3028
-999
-999
-999
-999
-999
-999
-999
-999
25.4653
26.3697
26.4127
26.3905
26.3532
26.3647
26.445
26.3639
26.4048
-999
-999
-999
-999
-999
-999
-999
-999
24.2999
-999
-999
-999
-999
-999
-999
-999
-999
-999
-999
-999
-999
-999
-999
-999
-999
-999
-999
-999
-999
-999
-999
-999
-999
-999
-999
24.855
26.2119
26.4651
25.9652
26.0534
-999
25.6611
25.75
-999
-999
-999
-999
-999
-999
-999
-999
25.9559
25.9308
25.9623
25.8949
26.095
-999
26.1266
26.1696
26.0792
26.1043
26.1093
25.9451
26.1703
26.0893
26.1223
26.0713
26.0807
26.0082
26.0778
26.0305
26.0713
25.9272
-999
25.9351
-999
-999
-999
-999
-999
-999
-999
-999
-999
-999
-999
-999
-999
-999
-999
-999
-999
-999
-999
-999
-999
-999
-999
-999
24.1572
-999
-999
24.1701
24.0991
24.155
24.1536
-999
-999
-999
-999
-999
-999
25.925
26.1897
26.4127
26.3532
26.2528
-999
26.2449
26.3797
-999
-999
-999
-999
-999
-999
-999
-999
-999
24.1801
-999
-999
-999
-999
-999
-999
-999
23.5849
23.255
-999
-999
-999
-999
-999
-999
-999
-999
-999
-999
-999
-999
-999
-999
-999
-999
-999
-999
26.4098
26.4651
26.0348
-999
26.0369
25.6066
25.679
-999
-999
-999
-999
-999
-999
-999
-999
25.9006
25.8784
25.9853
25.9881
26.095
26.3102
26.3001
26.1897
26.2564
26.1043
25.9989
26.1036
26.057
26.0032
26.1223
26.0986
25.9638
26.0405
26.0068
26.0161
25.8849
25.8189
25.7924
25.6166
25.6876
-999
25.3972
-999
25.7077
-999
-999
-999
-999
-999
-999
-999
-999
-999
24.7453
-999
-999
-999
-999
-999
-999
-999
-999
-999
-999
-999
23.9499
23.1101
24.2088
24.1894
24.3522
-999
-999
-999
24.7402
-999
-999
25.925
26.0599
26.2399
26.3503
26.2922
26.5124
26.3503
25.0802
26.0326
25.6697
-999
-999
-999
-999
-999
-999
-999
-999
-999
-999
-999
-999
-999
-999
-999
23.0147
23.45
-999
-999
-999
-999
-999
-999
-999
-999
-999
-999
-999
-999
-999
-999
-999
-999
-999
-999
-999
26.5153
25.8167
-999
-999
25.6848
25.679
25.4632
25.4639
-999
-999
-999
-999
-999
-999
26.0226
-999
-999
-999
-999
25.6001
-999
-999
-999
25.8325
26.1617
26.1825
25.9559
25.2996
26.0398
26.0082
25.7802
25.6432
-999
25.7773
25.6001
25.5621
25.5822
25.3427
25.3032
25.2767
25.3972
-999
25.4754
25.3047
-999
-999
25.1849
25.4101
-999
-999
-999
24.9425
24.7453
-999
-999
-999
-999
-999
-999
-999
-999
-999
-999
-999
-999
-999
24.2088
24.2303
24.297
-999
-999
-999
24.8399
-999
-999
25.7701
25.8103
26.0627
26.4801
-999
26.4722
26.3998
25.2853
25.5449
-999
-999
-999
-999
-999
-999
-999
-999
-999
-999
-999
-999
-999
-999
-999
-999
22.555
-999
-999
-999
-999
-999
-999
-999
-999
-999
-999
-999
-999
-999
-999
-999
-999
-999
-999
-999
-999
-999
25.045
-999
-999
25.5449
25.6833
25.6066
25.4553
25.4725
-999
-999
-999
-999
-999
-999
-999
-999
-999
-999
-999
-999
-999
-999
-999
26.1165
26.1266
25.9451
25.7658
25.8978
25.9559
25.8232
-999
-999
25.5019
25.5679
25.5621
25.4789
25.4574
25.3628
25.3341
25.2753
-999
24.4175
-999
-999
-999
25.4947
25.4101
-999
24.9583
25.0164
-999
24.8579
-999
-999
-999
-999
-999
-999
-999
-999
-999
-999
-999
-999
-999
24.2647
24.2303
24.297
-999
-999
-999
24.7381
24.6298
-999
26.1151
25.9702
25.9752
26.4601
-999
-999
-999
-999
25.3498
-999
-999
-999
-999
-999
-999
-999
-999
-999
-999
-999
-999
-999
-999
-999
-999
-999
-999
-999
-999
-999
-999
-999
-999
-999
-999
-999
-999
-999
-999
-999
-999
-999
-999
-999
-999
-999
-999
-999
-999
-999
25.6475
25.7386
25.6152
25.669
25.6023
-999
-999
-999
-999
-999
-999
-999
-999
-999
-999
-999
-999
-999
26.0283
-999
26.1058
26.1266
25.9516
-999
25.9279
25.9279
25.8232
-999
-999
25.5213
25.6676
25.3778
25.6547
-999
25.6102
-999
25.3922
-999
25.4101
-999
-999
-999
-999
-999
-999
24.9726
24.685
-999
-999
-999
-999
24.7051
-999
-999
-999
-999
-999
-999
-999
24.67
24.3551
24.6047
24.5767
24.5373
24.353
-999
-999
24.0503
-999
-999
-999
-999
-999
26.4364
-999
-999
-999
-999
-999
-999
-999
-999
-999
-999
-999
-999
-999
-999
-999
-999
-999
-999
-999
-999
-999
-999
-999
-999
-999
-999
-999
-999
-999
-999
-999
-999
-999
-999
-999
-999
-999
-999
-999
-999
-999
-999
-999
-999
26.4952
-999
25.5234
-999
25.6668
25.6052
25.6683
25.5299
25.7099
-999
-999
-999
-999
-999
-999
-999
-999
-999
24.7252
25.8347
26.0054
26.1022
26.0692
25.8347
26.1223
26.0097
-999
25.8698
-999
25.6123
-999
25.5901
25.5349
-999
-999
-999
-999
-999
-999
-999
-999
25.4101
-999
-999
-999
-999
-999
-999
24.9403
25.0673
25.0852
-999
-999
24.7826
24.8701
-999
-999
-999
-999
-999
-999
-999
24.6678
24.5323
24.5753
24.708
-999
24.495
-999
-999
-999
24.9403
-999
-999
-999
-999
-999
-999
24.0675
24.2074
-999
-999
-999
-999
-999
-999
25.8103
-999
-999
-999
-999
-999
-999
-999
24.5803
-999
-999
-999
-999
-999
-999
-999
-999
-999
-999
-999
-999
-999
-999
-999
-999
-999
-999
-999
-999
-999
-999
-999
-999
-999
-999
-999
25.9301
25.7572
24.7603
-999
-999
25.6683
25.7285
25.6848
-999
-999
-999
-999
-999
-999
-999
-999
-999
-999
25.6052
26.0061
26.0799
26.0764
26.0778
26.1101
-999
-999
-999
-999
25.5951
-999
-999
24.8399
-999
-999
-999
-999
-999
-999
-999
-999
-999
-999
-999
-999
-999
-999
-999
24.9403
-999
-999
-999
25.0393
25.0501
25.0042
-999
-999
-999
-999
-999
-999
24.4699
24.6678
24.6212
24.68
24.6972
-999
-999
24.3903
-999
-999
24.8952
24.8026
-999
-999
-999
-999
-999
24.0675
24.2396
24.6628
-999
-999
-999
24.6198
25.5786
-999
25.6353
-999
-999
-999
-999
-999
-999
-999
23.615
-999
-999
-999
-999
-999
-999
-999
-999
-999
-999
-999
-999
-999
-999
-999
-999
-999
-999
-999
-999
-999
-999
-999
22.4252
-999
-999
-999
-999
25.0501
-999
-999
25.7472
-999
25.6252
-999
-999
-999
-999
-999
-999
-999
-999
-999
-999
25.8949
25.948
26.0799
26.0972
-999
-999
-999
-999
-999
24.9052
-999
-999
-999
-999
-999
-999
-999
-999
-999
-999
-999
-999
-999
-999
-999
-999
-999
-999
-999
-999
-999
-999
24.865
25.0307
25.0737
24.9389
24.6965
-999
-999
-999
-999
24.685
24.718
24.5452
24.6893
24.5437
24.6578
-999
-999
24.5452
-999
-999
24.8952
24.723
24.9511
-999
-999
-999
-999
24.0675
24.3652
-999
-999
-999
-999
25.045
25.4001
24.5122
-999
-999
-999
-999
-999
-999
-999
-999
-999
-999
-999
-999
-999
-999
-999
-999
-999
-999
-999
-999
-999
-999
-999
-999
-999
-999
-999
-999
-999
-999
-999
-999
22.4252
-999
-999
-999
-999
-999
-999
-999
-999
-999
-999
-999
-999
-999
-999
-999
-999
-999
-999
-999
-999
25.3678
25.8103
26.0147
25.3348
-999
-999
25.3298
25.5614
25.205
-999
-999
-999
-999
-999
-999
-999
-999
-999
-999
-999
-999
-999
-999
-999
-999
-999
-999
-999
-999
-999
-999
-999
25.0752
24.9124
24.9439
24.8722
24.8371
24.9927
-999
24.8952
24.9712
24.7438
24.6836
24.7022
24.69
24.5437
24.6226
24.619
24.5947
24.6198
-999
-999
24.675
24.8464
24.9511
-999
23.5798
-999
24.7603
24.3228
24.4964
23.0599
-999
-999
-999
-999
-999
25.1749
25.38
-999
-999
23.5598
-999
-999
-999
-999
-999
-999
-999
-999
-999
-999
-999
-999
-999
-999
-999
-999
-999
-999
-999
-999
-999
-999
-999
-999
-999
-999
-999
-999
21.9647
-999
-999
-999
-999
-999
26.3847
26.2499
-999
-999
-999
-999
-999
-999
-999
-999
-999
-999
-999
-999
-999
-999
-999
25.73
25.1103
-999
25.215
25.2961
25.1584
25.2
-999
-999
-999
-999
-999
-999
-999
-999
-999
-999
-999
-999
-999
-999
-999
-999
-999
-999
-999
-999
-999
-999
-999
-999
25.0199
24.9002
24.9217
24.9647
25.0565
24.959
24.9999
24.969
24.7912
24.7273
24.7073
24.6692
24.7309
24.7331
24.619
24.6606
24.761
-999
24.7947
24.5982
24.7876
24.9877
-999
23.6164
-999
24.69
24.4512
24.6936
-999
-999
-999
25.2953
25.915
25.1698
25.4223
25.0952
25.8476
-999
23.1251
-999
-999
23.8201
23.7548
-999
-999
-999
-999
-999
-999
-999
-999
-999
-999
-999
-999
-999
-999
-999
-999
-999
-999
-999
-999
-999
-999
-999
-999
22.8447
-999
-999
-999
-999
-999
-999
26.2901
-999
25.4847
-999
-999
24.4498
-999
-999
-999
-999
-999
-999
-999
-999
-999
-999
25.2803
25.3147
-999
25.1598
25.0651
-999
-999
-999
-999
-999
-999
-999
-999
-999
-999
-999
-999
-999
-999
-999
-999
-999
-999
-999
-999
-999
-999
-999
-999
-999
-999
25.0199
24.931
25.0917
25.063
25.0909
25.0336
25.1333
24.969
24.8041
24.7116
24.6205
24.7001
24.6499
24.7216
24.7166
24.7532
24.8514
24.8069
24.7682
24.6793
24.6348
25.0372
-999
23.5468
24.3078
23.8352
24.7259
24.3673
-999
-999
-999
-999
25.3448
-999
25.4223
-999
-999
-999
23.7749
-999
-999
-999
-999
-999
-999
-999
-999
-999
-999
-999
-999
-999
-999
-999
-999
-999
-999
-999
-999
-999
-999
-999
-999
-999
-999
-999
-999
22.4704
-999
-999
-999
-999
-999
-999
25.375
25.8132
-999
-999
-999
-999
-999
-999
-999
26.0398
26.0878
26.105
26.0577
-999
-999
-999
-999
25.3599
-999
-999
-999
-999
-999
-999
-999
-999
-999
-999
-999
-999
-999
-999
-999
-999
-999
-999
-999
-999
-999
-999
-999
-999
-999
-999
-999
-999
-999
24.8851
25.0644
25.0572
25.1512
25.2
25.1548
25.0895
24.916
24.9002
24.751
24.6908
24.7309
24.7711
24.7324
24.7833
24.7245
24.8514
24.8091
24.746
24.7216
24.6979
24.974
-999
-999
-999
-999
24.5251
24.7352
-999
-999
-999
25.2272
25.1827
-999
25.2702
-999
-999
-999
-999
23.5999
-999
-999
-999
24.3752
-999
-999
-999
-999
-999
-999
-999
-999
-999
-999
-999
-999
-999
-999
25.6403
-999
-999
-999
-999
-999
-999
-999
-999
-999
23.44
-999
23.8947
24.2999
-999
-999
24.7847
-999
-999
-999
25.4503
24.7302
-999
25.3549
-999
25.6848
25.7651
26.1402
-999
25.5449
25.3047
25.2315
25.2351
25.2652
-999
-999
-999
-999
23.2248
-999
-999
-999
-999
-999
-999
-999
-999
-999
-999
-999
-999
-999
-999
-999
-999
-999
-999
-999
-999
-999
-999
-999
-999
25.1447
25.101
25.0572
25.1268
25.1383
25.1799
24.9274
24.9088
24.954
24.751
24.7603
24.6922
24.6821
24.746
24.6807
24.7883
24.7575
24.7338
24.6406
24.7273
24.6248
25.0264
-999
-999
-999
-999
-999
-999
-999
-999
-999
25.2272
24.9597
26.6236
26.6673
-999
-999
-999
-999
-999
-999
-999
-999
23.3898
-999
-999
-999
-999
-999
-999
-999
-999
-999
-999
-999
-999
-999
-999
-999
-999
-999
-999
-999
-999
-999
-999
-999
-999
23.6602
24.145
24.183
-999
-999
-999
24.7847
-999
26.2248
-999
-999
25.4897
25.2867
-999
-999
25.6403
-999
-999
-999
25.4065
25.446
-999
24.9403
25.1275
-999
-999
-999
22.7199
22.8297
-999
-999
-999
-999
-999
-999
-999
-999
-999
-999
-999
23.0004
-999
-999
-999
-999
-999
-999
-999
-999
-999
-999
-999
-999
25.1318
25.1827
25.0709
25.1297
25.1957
25.1849
24.9941
24.9317
24.9575
24.7775
24.7603
24.6743
24.7488
24.6671
24.7216
24.7123
24.7252
24.6778
24.6406
24.6915
24.827
25.1677
-999
-999
-999
-999
-999
-999
-999
-999
-999
-999
-999
-999
26.6852
-999
-999
25.8598
-999
-999
-999
-999
-999
-999
-999
-999
-999
-999
-999
-999
-999
-999
-999
-999
-999
-999
-999
-999
-999
-999
-999
-999
-999
-999
-999
-999
-999
-999
23.8724
23.085
-999
24.6198
-999
-999
26.1753
-999
26.5081
26.2973
26.0319
25.4897
-999
-999
-999
-999
-999
-999
25.6202
25.4761
24.9425
-999
24.5975
-999
-999
-999
-999
23.3503
22.6152
-999
-999
-999
-999
-999
-999
-999
-999
-999
22.9853
-999
22.38
-999
-999
-999
-999
-999
-999
-999
-999
-999
-999
-999
-999
25.4481
25.4388
25.0651
25.1849
25.1957
25.2093
25.0343
24.9289
25.0228
24.8421
24.8191
24.6743
24.7653
24.6821
24.7252
24.7553
24.6721
24.7453
24.7331
24.7503
24.827
25.3513
-999
-999
-999
-999
-999
-999
-999
-999
-999
-999
-999
-999
-999
-999
-999
-999
-999
22.5851
-999
-999
-999
-999
-999
-999
-999
-999
-999
-999
-999
-999
-999
-999
-999
-999
-999
-999
-999
-999
-999
-999
-999
-999
-999
-999
-999
-999
24.1801
23.9549
24.9798
-999
25.4223
-999
-999
-999
-999
26.3948
-999
25.4431
-999
-999
-999
-999
-999
25.3348
25.6453
-999
-999
-999
-999
-999
-999
-999
-999
-999
22.2401
-999
-999
-999
-999
-999
-999
-999
21.8048
-999
22.9853
-999
-999
-999
-999
-999
-999
-999
21.5574
-999
-999
-999
-999
-999
-999
25.6353
25.5349
25.2487
25.2301
25.1677
25.1627
24.9948
24.9977
25.1003
24.8521
24.827
24.7259
24.7488
24.746
24.8055
24.6219
24.827
25.129
24.9389
25.0888
25.0666
25.3972
-999
-999
-999
-999
-999
-999
-999
-999
-999
-999
-999
-999
-999
-999
-999
-999
-999
22.5851
-999
23.0097
-999
23.7498
-999
-999
-999
-999
-999
-999
-999
-999
-999
-999
-999
-999
-999
-999
-999
-999
-999
-999
-999
-999
-999
-999
-999
-999
-999
24.2898
-999
-999
-999
-999
-999
-999
-999
-999
-999
25.4754
-999
25.3599
24.7503
-999
25.4151
-999
-999
-999
-999
-999
-999
-999
-999
23.9047
-999
-999
22.4603
-999
21.8952
21.9647
-999
-999
-999
-999
-999
-999
22.0931
-999
-999
-999
-999
21.3903
-999
-999
-999
-999
-999
-999
-999
-999
-999
-999
-999
25.4122
25.1942
25.0831
24.9827
24.9948
25.096
25.2114
24.8794
24.8873
24.7711
25.0529
24.746
25.0113
25.0429
25.215
25.3147
25.3298
25.4079
25.4079
25.4338
-999
-999
-999
-999
-999
-999
-999
-999
-999
-999
-999
-999
-999
-999
-999
-999
-999
-999
-999
-999
-999
-999
-999
-999
-999
-999
-999
-999
-999
-999
-999
-999
-999
-999
-999
-999
-999
-999
-999
-999
-999
-999
-999
-999
-999
-999
-999
-999
-999
-999
-999
-999
-999
-999
-999
-999
-999
-999
-999
25.4797
-999
25.1203
25.21
-999
23.2248
-999
23.3597
-999
-999
-999
-999
-999
-999
-999
22.4603
-999
-999
-999
-999
22.1103
-999
-999
-999
-999
-999
-999
-999
-999
-999
-999
-999
-999
-999
22.5098
-999
-999
-999
-999
-999
-999
-999
25.4538
25.3534
25.0472
25.1182
25.111
25.2093
25.0952
24.9518
24.9095
25.0027
25.3929
25.1003
25.2351
25.0429
25.3212
25.2918
25.3957
25.3398
25.4373
25.3663
-999
-999
-999
-999
-999
-999
-999
-999
-999
-999
-999
-999
-999
-999
-999
-999
-999
-999
-999
-999
-999
-999
-999
-999
-999
-999
-999
-999
-999
-999
-999
-999
-999
-999
-999
-999
-999
-999
-999
-999
-999
-999
24.8098
24.505
-999
-999
-999
-999
-999
-999
-999
-999
-999
-999
-999
-999
-999
-999
-999
25.4797
25.4524
24.5602
-999
22.8748
23.2248
23.795
-999
24.14
-999
-999
-999
23.1502
-999
-999
-999
-999
-999
-999
-999
-999
-999
-999
-999
-999
-999
-999
-999
-999
-999
-999
22.5449
-999
-999
22.5098
-999
-999
-999
-999
-999
-999
-999
25.4323
25.2035
25.1203
25.2437
25.0802
25.1928
25.0952
24.9941
25.1576
25.3498
25.3362
25.3965
25.2609
25.2817
25.2652
25.1498
25.2674
25.2387
25.3326
25.2824
-999
-999
-999
-999
-999
-999
-999
-999
-999
-999
-999
-999
-999
-999
-999
-999
-999
-999
-999
-999
-999
-999
-999
-999
-999
-999
-999
-999
-999
-999
-999
-999
25.22
25.4754
-999
-999
-999
-999
-999
-999
-999
-999
24.5502
-999
-999
-999
-999
-999
-999
24.4448
-999
-999
-999
-999
-999
-999
26.5949
-999
25.8397
25.6618
25.0752
24.3078
23.2399
23.4249
23.4034
-999
-999
-999
-999
-999
-999
23.2478
22.0049
-999
22.2552
-999
-999
-999
-999
-999
-999
-999
-999
-999
-999
-999
-999
21.5753
21.8851
-999
21.6449
-999
-999
21.9798
21.495
21.5703
-999
-999
-999
-999
-999
25.4718
25.1619
25.2401
25.3663
25.1533
25.0766
24.9497
24.9281
25.3513
25.4503
25.4682
25.3477
25.1519
25.2674
25.1376
25.1498
24.974
24.9877
25.2875
25.205
-999
-999
-999
-999
-999
-999
-999
-999
-999
-999
-999
-999
-999
-999
-999
-999
-999
-999
-999
-999
-999
-999
-999
-999
-999
-999
-999
-999
-999
-999
-999
-999
-999
25.2301
24.14
24.3702
-999
-999
-999
-999
-999
-999
-999
-999
-999
-999
24.86
-999
-999
-999
-999
-999
-999
-999
-999
-999
26.2212
26.3023
25.555
25.8103
24.1816
-999
23.1452
-999
-999
-999
23.3503
22.9401
-999
-999
22.8347
23.3303
22.8225
22.1247
22.91
22.1577
-999
-999
-999
-999
-999
-999
-999
-999
-999
-999
-999
21.7897
21.8851
22.5378
22.1153
21.7051
22.2538
22.5672
21.2253
-999
-999
-999
-999
-999
-999
24.926
25.0199
25.3018
25.248
25.1598
25.0522
24.9561
24.959
25.3513
25.4603
25.3427
25.1648
24.987
25.2939
25.078
25.045
24.8657
24.7861
24.9561
24.9203
-999
-999
-999
-999
-999
-999
-999
-999
-999
-999
-999
-999
-999
-999
-999
-999
-999
-999
-999
-999
-999
-999
-999
-999
-999
-999
-999
-999
-999
-999
-999
-999
-999
-999
-999
-999
-999
-999
24.0073
-999
-999
-999
-999
-999
24.4878
24.3867
24.3401
-999
-999
-999
-999
-999
-999
26.237
-999
26.6099
26.2212
25.6977
25.3649
25.0952
24.3831
-999
24.1299
22.7551
-999
-999
23.3503
22.915
-999
-999
21.9877
23.3303
22.2602
21.9934
21.8349
-999
-999
21.6147
-999
-999
-999
-999
-999
-999
-999
-999
21.665
22.205
22.0515
21.6901
21.49
21.9475
22.2143
22.9652
-999
-999
-999
-999
-999
-999
24.3974
24.8937
25.0199
24.9791
25.149
25.1397
24.9626
25.0049
25.0472
25.4044
25.4617
25.4252
24.8966
24.9073
25.1713
24.9002
24.9963
24.8127
24.7861
24.9375
24.9203
-999
-999
-999
-999
-999
-999
-999
-999
-999
-999
-999
-999
-999
-999
-999
-999
-999
-999
-999
-999
-999
-999
-999
-999
-999
-999
-999
-999
-999
-999
-999
-999
-999
-999
-999
-999
-999
-999
24.145
-999
-999
-999
-999
-999
24.4978
25.0716
25.1189
-999
-999
-999
-999
26.2973
26.3417
26.3503
26.318
25.7637
25.8863
25.7687
25.1591
25.04
25.0199
23.1474
-999
22.8497
-999
-999
22.4201
23.4622
24.3852
-999
22.6453
-999
22.6202
21.9124
21.8399
21.7051
22.2573
-999
-999
-999
21.5947
-999
-999
-999
-999
-999
21.7869
21.9619
21.4139
21.6814
21.9131
21.9303
22.4962
-999
-999
-999
-999
-999
-999
23.5203
24.1801
23.8524
24.1385
24.5803
25.0888
25.1103
24.8586
25.0386
25.1333
25.4789
25.5786
25.4252
24.8335
24.7912
24.9274
24.7273
24.9109
24.7861
24.8801
24.9547
24.9203
-999
-999
-999
-999
-999
-999
-999
-999
-999
-999
-999
-999
-999
-999
-999
-999
-999
-999
-999
-999
-999
-999
-999
-999
-999
-999
-999
-999
-999
-999
-999
-999
-999
-999
-999
-999
-999
-999
-999
-999
-999
-999
23.8352
-999
25.4553
24.9102
24.0604
-999
-999
-999
25.7249
26.2449
26.0477
26.1581
26.4278
26.615
26.5282
25.735
25.3405
25.2423
-999
23.7527
22.2674
-999
-999
-999
-999
-999
24.0948
22.2502
-999
22.025
21.5653
21.8765
22.0702
22.215
22.0451
-999
-999
-999
-999
-999
-999
-999
-999
-999
-999
22.3384
22.04
22.215
21.9131
21.9999
22.3599
-999
-999
-999
-999
-999
22.8949
-999
23.4923
23.7598
24.2748
25.0515
25.0888
24.9468
24.9303
25.0551
25.1447
25.4173
25.5528
25.3247
24.9461
24.7797
24.8306
24.8328
24.8313
24.8865
24.9274
24.8457
24.9088
-999
-999
-999
-999
-999
-999
-999
-999
-999
-999
-999
-999
-999
-999
-999
-999
-999
-999
-999
-999
-999
-999
-999
-999
-999
-999
-999
-999
-999
-999
-999
-999
-999
-999
-999
-999
-999
-999
-999
-999
-999
-999
-999
-999
-999
-999
25.6848
26.6702
25.74
26.1624
25.38
-999
25.8999
26.1581
26.4601
26.663
26.3439
25.6798
25.3405
24.6126
24.0948
-999
-999
22.2624
-999
23.1553
-999
-999
24.0948
22.565
-999
-999
-999
21.8765
22.4847
22.4402
22.0902
-999
-999
-999
21.6348
-999
-999
-999
-999
-999
-999
-999
-999
23.4199
21.9597
21.7001
-999
23.5648
-999
-999
24.1816
-999
-999
-999
-999
25.1082
25.0802
25.3212
25.111
25.385
25.1562
25.0329
25.1784
25.5349
25.4689
25.4933
24.7869
24.7797
24.8148
24.8263
24.8736
24.888
24.954
24.8141
24.7044
-999
-999
-999
-999
-999
-999
-999
-999
-999
-999
-999
-999
-999
-999
-999
-999
-999
-999
-999
-999
-999
-999
-999
-999
-999
-999
-999
-999
-999
-999
-999
-999
-999
-999
-999
-999
-999
-999
-999
-999
-999
-999
-999
-999
-999
-999
-999
-999
26.0548
25.9709
25.3649
-999
26.1839
26.5934
26.5189
26.2399
26.0383
25.4101
25.1397
24.2877
24.4275
-999
22.6403
22.2624
-999
-999
-999
-999
-999
-999
-999
-999
-999
-999
22.38
-999
-999
-999
-999
-999
-999
-999
21.68
-999
-999
-999
22.2602
23.5798
-999
23.45
21.7897
22.1053
-999
23.8889
-999
23.7233
-999
-999
24.86
-999
25.2301
25.4761
25.4775
25.4581
25.423
25.423
25.1562
25.2107
25.2867
25.2516
25.2702
25.2681
24.6047
24.8148
24.7912
24.8263
24.8249
24.8887
24.9217
24.8815
24.5416
-999
-999
-999
-999
-999
-999
-999
-999
-999
-999
-999
-999
-999
-999
-999
-999
-999
-999
-999
-999
-999
-999
-999
-999
-999
-999
-999
-999
-999
-999
-999
-999
-999
-999
-999
-999
-999
-999
-999
-999
-999
-999
-999
-999
-999
-999
-999
-999
-999
-999
-999
-999
25.6726
26.341
26.0799
26.1423
26.0972
25.134
25.0099
24.5631
-999
23.577
23.4249
22.2652
23.1022
-999
-999
23.1553
-999
-999
-999
-999
23.2478
23.1051
21.4699
21.6399
-999
-999
-999
-999
-999
21.9748
-999
-999
-999
-999
-999
23.6351
-999
-999
-999
-999
-999
23.3597
-999
-999
25.4632
25.39
25.2552
25.4624
25.5019
25.4847
25.6439
25.4137
25.3728
25.1985
25.3197
25.1533
25.2867
25.0651
24.7976
24.7696
24.7223
24.8916
24.7732
24.7216
24.7015
24.8901
24.9016
24.845
24.6348
-999
-999
-999
-999
-999
-999
-999
-999
-999
-999
-999
-999
-999
-999
-999
-999
-999
-999
-999
-999
-999
-999
-999
-999
-999
-999
-999
-999
-999
-999
-999
-999
-999
-999
-999
-999
-999
-999
-999
-999
-999
-999
-999
-999
-999
-999
-999
-999
-999
-999
-999
-999
-999
26.0097
-999
-999
25.6037
25.309
25.1749
24.5452
23.0477
23.0097
23.3948
22.7816
23.455
-999
22.8053
23.1897
-999
-999
-999
-999
23.7699
22.3298
22.1878
21.6399
-999
-999
-999
22.915
-999
-999
-999
-999
-999
22.4051
23.7584
23.6351
-999
25.1548
-999
-999
-999
-999
-999
25.575
25.565
25.6468
25.6152
25.608
25.6382
25.4847
25.5844
25.2853
25.1627
24.9733
25.3491
25.1053
25.0192
24.3601
24.3652
24.7618
24.6599
24.8464
24.6635
24.7352
24.6814
24.8901
24.7453
24.8923
24.7818
-999
-999
-999
-999
-999
-999
-999
-999
-999
-999
-999
-999
-999
-999
-999
-999
-999
-999
-999
-999
-999
-999
-999
-999
-999
-999
-999
-999
-999
-999
-999
-999
-999
-999
-999
-999
-999
-999
-999
-999
-999
-999
-999
-999
-999
-999
-999
-999
-999
-999
-999
-999
-999
-999
-999
-999
-999
-999
25.2408
-999
23.0477
22.8476
22.5184
22.7665
23.5203
-999
22.6948
22.2272
-999
23.255
23.2148
24.0632
-999
22.6676
21.6901
-999
-999
23.2248
-999
22.537
-999
-999
-999
-999
23.8014
23.4651
-999
-999
25.3047
25.1275
-999
25.0049
-999
25.6303
25.3936
25.5177
25.75
25.7099
25.5915
25.6618
25.6382
25.6303
25.3972
25.0615
25.0615
24.6678
25.1734
24.6449
24.5459
24.0137
24.3652
24.6434
24.7352
24.6477
24.7001
24.5975
24.67
24.7847
24.8873
24.8923
24.6821
-999
-999
-999
-999
-999
-999
-999
-999
-999
-999
-999
-999
-999
-999
-999
-999
-999
-999
-999
-999
-999
-999
-999
-999
-999
-999
-999
-999
-999
-999
-999
-999
-999
-999
-999
-999
-999
-999
-999
-999
-999
-999
-999
-999
-999
-999
-999
-999
-999
-999
-999
-999
-999
-999
-999
-999
-999
-999
-999
-999
-999
-999
-999
22.7328
22.0802
-999
22.2351
22.1053
-999
23.0147
22.925
-999
-999
-999
22.1964
-999
-999
23.6602
22.2839
22.2581
-999
-999
-999
-999
23.8
23.5777
-999
25.1849
25.3298
25.1275
-999
25.3176
25.4165
25.7472
25.6503
25.6252
25.75
25.73
25.7873
25.7866
25.6138
25.6102
24.6248
25.0615
24.8801
24.5681
24.5904
24.0209
23.909
23.9133
23.9628
24.3271
24.7768
24.7381
24.5602
24.6499
24.6219
24.817
24.8163
24.8901
24.4462
-999
-999
-999
-999
-999
-999
-999
-999
-999
-999
-999
-999
-999
-999
-999
-999
-999
-999
-999
-999
-999
-999
-999
-999
-999
-999
-999
-999
-999
-999
-999
-999
-999
-999
-999
-999
-999
-999
-999
-999
-999
-999
-999
-999
-999
-999
-999
-999
-999
-999
-999
-999
-999
-999
-999
-999
-999
-999
-999
-999
-999
-999
-999
-999
-999
22.3578
22.2767
-999
-999
22.4976
-999
-999
-999
22.0824
22.6324
-999
23.5074
23.6602
-999
-999
22.395
25.4797
-999
25.0551
-999
-999
25.6984
25.565
25.6109
25.3126
25.3549
25.7099
25.6948
25.5865
25.5851
25.5901
25.6202
25.806
25.8081
25.6661
25.4782
25.4072
24.8277
24.8077
24.5925
24.5832
24.2999
24.1959
23.8997
23.9277
24.1651
-999
24.7768
24.5
24.5982
24.7431
24.7302
24.6427
24.675
24.8787
24.4763
-999
-999
-999
-999
-999
-999
-999
-999
-999
-999
-999
-999
-999
-999
-999
-999
-999
-999
-999
-999
-999
-999
-999
-999
-999
-999
-999
-999
-999
-999
-999
-999
-999
-999
-999
-999
-999
-999
-999
-999
-999
-999
-999
-999
-999
-999
-999
-999
-999
-999
-999
-999
-999
-999
-999
-999
-999
-999
-999
-999
-999
-999
-999
-999
-999
-999
-999
-999
22.3778
22.4998
22.3147
21.7302
21.7403
22.124
22.4919
22.0436
23.4249
23.3152
23.1
-999
-999
25.2301
25.3047
24.9281
-999
25.6747
25.6647
25.5801
25.5413
25.5478
25.2702
25.7099
25.6468
25.5485
25.6503
25.6998
25.8275
25.6475
25.8081
25.6303
25.1799
24.9475
24.9583
24.7653
24.7553
24.5832
24.4648
24.3738
23.9291
22.5801
23.7699
23.3303
24.6778
24.5136
24.5982
24.7768
24.7797
24.4914
24.3465
24.6477
24.5574
-999
-999
-999
-999
-999
-999
-999
-999
-999
-999
-999
-999
-999
-999
-999
-999
-999
-999
-999
-999
-999
-999
-999
-999
-999
-999
-999
-999
-999
-999
-999
-999
-999
-999
-999
-999
-999
-999
-999
-999
-999
-999
-999
-999
-999
-999
-999
-999
-999
-999
-999
-999
-999
-999
-999
-999
-999
-999
-999
-999
-999
-999
-999
-999
-999
-999
-999
-999
-999
-999
22.1247
-999
22.3778
22.2337
22.1498
22.5198
23.3475
-999
22.3147
-999
-999
-999
24.6233
24.9497
25.3197
25.5449
25.6453
25.6403
25.5636
25.6374
25.6324
25.4754
25.5299
25.4703
25.7178
25.7185
25.7751
25.7214
25.74
25.1713
25.0522
25.0902
24.9697
24.9999
24.6599
24.6276
24.5452
24.1285
23.904
23.1
23.08
-999
-999
24.4648
24.6018
24.7173
24.7087
24.4039
24.2203
24.3903
24.3128
-999
-999
-999
-999
-999
-999
-999
-999
-999
-999
-999
-999
-999
-999
-999
-999
-999
-999
-999
-999
-999
-999
-999
-999
-999
-999
-999
-999
-999
-999
-999
-999
-999
-999
-999
-999
-999
-999
-999
-999
-999
-999
-999
-999
-999
-999
-999
-999
-999
-999
-999
-999
-999
-999
-999
-999
-999
-999
-999
-999
-999
-999
-999
-999
-999
-999
-999
-999
-999
-999
-999
-999
-999
22.3398
22.1498
-999
-999
23.0047
22.8153
-999
-999
-999
25.5299
25.6439
25.6252
25.7099
25.6453
25.6547
25.4653
25.6697
25.5815
25.4503
25.6073
25.6826
25.5815
25.4653
25.74
25.4352
25.2674
25.025
25.0522
25.3247
24.8277
24.7116
24.3307
24.1177
24.3501
24.1285
-999
22.8053
-999
-999
24.7402
24.6821
24.68
24.6563
24.7087
24.3752
24.2798
24.226
24.2002
-999
-999
-999
-999
-999
-999
-999
-999
-999
-999
-999
-999
-999
-999
-999
-999
-999
-999
-999
-999
-999
-999
-999
-999
-999
-999
-999
-999
-999
-999
-999
-999
-999
-999
-999
-999
-999
-999
-999
-999
-999
-999
-999
-999
-999
-999
-999
-999
-999
-999
-999
-999
-999
-999
-999
-999
-999
-999
-999
-999
-999
-999
-999
-999
-999
-999
-999
-999
-999
-999
-999
-999
-999
-999
-999
-999
-999
23.1796
-999
-999
-999
25.7199
25.8203
25.9932
25.7802
25.7249
25.7902
25.697
25.5449
25.6267
25.5872
25.6453
25.6403
25.6826
25.56
25.5951
25.7414
25.6116
25.3233
25.2078
25.3678
24.85
24.9231
24.5652
24.5186
24.3687
24.2447
24.1557
-999
22.8053
22.1899
24.7001
24.69
24.5968
24.8299
24.4648
24.5574
24.3515
24.2798
24.0984
24.1851
-999
-999
-999
-999
-999
-999
-999
-999
-999
-999
-999
-999
-999
-999
-999
-999
-999
-999
-999
-999
-999
-999
-999
-999
-999
-999
-999
-999
-999
-999
-999
-999
-999
-999
-999
-999
-999
-999
-999
-999
-999
-999
-999
-999
-999
-999
-999
-999
-999
-999
-999
-999
-999
-999
-999
-999
-999
-999
-999
-999
-999
-999
-999
-999
-999
-999
-999
-999
-999
-999
-999
-999
-999
-999
-999
-999
-999
-999
-999
-999
-999
25.7199
25.9157
25.6948
25.92
25.7049
25.6202
25.5822
25.6798
25.6848
25.6747
25.6798
25.702
25.4897
25.6123
25.6131
25.5872
25.5334
25.4151
25.3326
25.4252
25.0623
24.9231
24.9253
24.8127
24.4053
-999
24.0998
-999
21.7826
-999
24.5652
24.4627
24.5602
24.8098
24.2949
24.4175
24.2798
24.2526
24.1801
24.3852
-999
-999
-999
-999
-999
-999
-999
-999
-999
-999
-999
-999
-999
-999
-999
-999
-999
-999
-999
-999
-999
-999
-999
-999
-999
-999
-999
-999
-999
-999
-999
-999
-999
-999
-999
-999
-999
-999
-999
-999
-999
-999
-999
-999
-999
-999
-999
-999
-999
-999
-999
-999
-999
-999
-999
-999
-999
-999
-999
-999
-999
-999
-999
-999
-999
-999
-999
-999
-999
-999
-999
-999
-999
-999
-999
-999
-999
-999
-999
-999
-999
-999
-999
-999
25.8002
25.6403
25.4754
25.5299
25.6798
25.5722
25.7199
25.6016
25.6776
25.7737
25.6037
25.6131
25.5413
25.4703
25.1777
25.1885
25.2401
25.1698
25.2702
24.9597
24.6248
24.2698
-999
22.6848
-999
-999
-999
24.5652
24.5237
24.6298
24.3723
24.2052
24.1435
24.2647
24.1973
24.2153
24.3852
-999
-999
-999
-999
-999
-999
-999
-999
-999
-999
-999
-999
-999
-999
-999
-999
-999
-999
-999
-999
-999
-999
-999
-999
-999
-999
-999
-999
-999
-999
-999
-999
-999
-999
-999
-999
-999
-999
-999
-999
-999
-999
-999
-999
-999
-999
-999
-999
-999
-999
-999
-999
-999
-999
-999
-999
-999
-999
-999
-999
-999
-999
-999
-999
-999
-999
-999
-999
-999
-999
-999
-999
-999
-999
-999
-999
-999
-999
-999
-999
-999
-999
-999
-999
-999
-999
-999
-999
25.7364
25.6403
25.6202
25.5334
25.4352
25.6998
25.6052
25.6697
25.4997
25.6425
24.8701
25.1132
25.2251
25.1584
24.685
24.6821
24.6248
24.6535
-999
-999
-999
-999
24.4247
24.4627
24.4598
24.4154
24.0833
24.2647
24.0575
24.1873
24.1923
24.2719
24.2898
-999
-999
-999
-999
-999
-999
-999
-999
-999
-999
-999
-999
-999
-999
-999
-999
-999
-999
-999
-999
-999
-999
-999
-999
-999
-999
-999
-999
-999
-999
-999
-999
-999
-999
-999
-999
-999
-999
-999
-999
-999
-999
-999
-999
-999
-999
-999
-999
-999
-999
-999
-999
-999
-999
-999
-999
-999
-999
-999
-999
-999
-999
-999
-999
-999
-999
-999
-999
-999
-999
-999
-999
-999
-999
-999
-999
-999
-999
-999
-999
-999
-999
-999
-999
-999
-999
-999
-999
-999
-999
25.6202
25.4754
25.6726
25.745
25.6353
25.7328
25.6382
25.6425
25.4653
25.5248
25.4603
24.8751
24.6728
24.898
24.974
24.5401
24.2275
24.4648
24.4849
24.4103
24.6126
24.6262
24.4075
24.4154
24.1902
24.0797
24.0998
24.16
24.1428
24.1952
24.2626
-999
-999
-999
-999
-999
-999
-999
-999
-999
-999
-999
-999
-999
-999
-999
-999
-999
-999
-999
-999
-999
-999
-999
-999
-999
-999
-999
-999
-999
-999
-999
-999
-999
-999
-999
-999
-999
-999
-999
-999
-999
-999
-999
-999
-999
-999
-999
-999
-999
-999
-999
-999
-999
-999
-999
-999
-999
-999
-999
-999
-999
-999
-999
-999
-999
-999
-999
-999
-999
-999
-999
-999
-999
-999
-999
-999
-999
-999
-999
-999
-999
-999
-999
-999
-999
-999
-999
-999
-999
-999
-999
-999
-999
25.6224
25.6174
25.6948
25.6647
25.6597
25.5048
25.385
25.253
25.0874
24.9102
24.8901
24.7352
24.6248
24.2275
24.2985
24.5552
24.5581
24.6398
24.4175
24.4189
24.1586
24.1722
24.0797
24.16
24.1701
24.1019
24.1027
23.9714
-999
-999
-999
-999
-999
-999
-999
-999
-999
-999
-999
-999
-999
-999
-999
-999
-999
-999
-999
-999
-999
-999
-999
-999
-999
-999
-999
-999
-999
-999
-999
-999
-999
-999
-999
-999
-999
-999
-999
-999
-999
-999
-999
-999
-999
-999
-999
-999
-999
-999
-999
-999
-999
-999
-999
-999
-999
-999
-999
-999
-999
-999
-999
-999
-999
-999
-999
-999
-999
-999
-999
-999
-999
-999
-999
-999
-999
-999
-999
-999
-999
-999
-999
-999
-999
-999
-999
-999
-999
-999
-999
-999
-999
-999
-999
-999
-999
25.4503
25.4101
25.385
25.1813
25.2982
24.7625
24.2282
24.5172
24.5272
24.5961
24.4397
24.5652
24.5502
24.6126
24.4648
24.3286
24.1923
24.1414
24.0941
24.1098
24.1371
24.1586
24.0266
23.7598
-999
-999
-999
-999
-999
-999
-999
-999
-999
-999
-999
-999
-999
-999
-999
-999
-999
-999
-999
-999
-999
-999
-999
-999
-999
-999
-999
-999
-999
-999
-999
-999
-999
-999
-999
-999
-999
-999
-999
-999
-999
-999
-999
-999
-999
-999
-999
-999
-999
-999
-999
-999
-999
-999
-999
-999
-999
-999
-999
-999
-999
-999
-999
-999
-999
-999
-999
-999
-999
-999
-999
-999
-999
-999
-999
-999
-999
-999
-999
-999
-999
-999
-999
-999
-999
-999
-999
-999
-999
-999
-999
-999
-999
-999
-999
-999
-999
-999
-999
25.2996
25.1017
25.4101
24.5
24.2848
24.2375
24.4699
24.7001
24.4598
24.5652
24.4175
24.3852
24.4534
24.2497
24.1285
24.1923
24.0984
24.0403
24.1371
24.0367
23.8201
23.8897
-999
-999
-999
-999
-999
-999
-999
-999
-999
-999
-999
-999
-999
-999
-999
-999
-999
-999
-999
-999
-999
-999
-999
-999
-999
-999
-999
-999
-999
-999
-999
-999
-999
-999
-999
-999
-999
-999
-999
-999
-999
-999
-999
-999
-999
-999
-999
-999
-999
-999
-999
-999
-999
-999
-999
-999
-999
-999
-999
-999
-999
-999
-999
-999
-999
-999
-999
-999
-999
-999
-999
-999
-999
-999
-999
-999
-999
-999
-999
-999
-999
-999
-999
-999
-999
-999
-999
-999
-999
-999
-999
-999
-999
-999
-999
-999
-999
-999
-999
-999
-999
25.4101
-999
-999
24.2475
24.2848
24.3401
24.3551
24.6126
24.4039
24.3852
24.1701
24.1486
24.0647
24.1902
24.1149
24.0302
24.036
23.9348
23.8201
23.6967
-999
-999
-999
-999
-999
-999
-999
-999
-999
-999
-999
-999
-999
-999
-999
-999
-999
-999
-999
-999
-999
-999
-999
-999
-999
-999
-999
-999
-999
-999
-999
-999
-999
-999
-999
-999
-999
-999
-999
-999
-999
-999
-999
-999
-999
-999
-999
-999
-999
-999
-999
-999
-999
-999
-999
-999
-999
-999
-999
-999
-999
-999
-999
-999
-999
-999
-999
-999
-999
-999
-999
-999
-999
-999
-999
-999
-999
-999
-999
-999
-999
-999
-999
-999
-999
-999
-999
-999
-999
-999
-999
-999
-999
-999
-999
-999
-999
-999
-999
-999
-999
-999
-999
-999
-999
-999
24.2102
24.3451
24.4347
24.3723
24.2396
24.315
24.2153
24.2475
24.0503
24.0675
23.9549
23.8947
23.6064
23.4873
-999
-999
-999
-999
-999
-999
-999
-999
-999
-999
-999
-999
-999
-999
-999
-999
-999
-999
-999
-999
-999
-999
-999
-999
-999
-999
-999
-999
-999
-999
-999
-999
-999
-999
-999
-999
-999
-999
-999
-999
-999
-999
-999
-999
-999
-999
-999
-999
-999
-999
-999
-999
-999
-999
-999
-999
-999
-999
-999
-999
-999
-999
-999
-999
-999
-999
-999
-999
-999
-999
-999
-999
-999
-999
-999
-999
-999
-999
-999
-999
-999
-999
-999
-999
-999
-999
-999
-999
-999
-999
-999
-999
-999
-999
-999
-999
-999
-999
-999
-999
-999
-999
-999
-999
-999
-999
-999
-999
-999
24.0998
-999
24.2547
24.16
24.2153
24.2368
23.9599
23.9865
23.7598
23.7082
-999
-999
-999
-999
-999
-999
-999
-999
-999
-999
-999
-999
-999
-999
-999
-999
-999
-999
-999
-999
-999
-999
-999
-999
-999
-999
-999
-999
-999
-999
-999
-999
-999
-999
-999
-999
-999
-999
-999
-999
-999
-999
-999
-999
-999
-999
-999
-999
-999
-999
-999
-999
-999
-999
-999
-999
-999
-999
-999
-999
-999
-999
-999
-999
-999
-999
-999
-999
-999
-999
-999
-999
-999
-999
-999
-999
-999
-999
-999
-999
-999
-999
-999
-999
-999
-999
-999
-999
-999
-999
-999
-999
-999
-999
-999
-999
-999
-999
-999
-999
-999
-999
-999
-999
-999
-999
-999
-999
-999
-999
-999
-999
-999
-999
-999
24.0933
24.0152
23.9599
23.8366
23.4801
23.7003
-999
-999
-999
-999
-999
-999
-999
-999
-999
-999
-999
-999
-999
-999
-999
-999
-999
-999
-999
-999
-999
-999
-999
-999
-999
-999
-999
-999
-999
-999
-999
-999
-999
-999
-999
-999
-999
-999
-999
-999
-999
-999
-999
-999
-999
-999
-999
-999
-999
-999
-999
-999
-999
-999
-999
-999
-999
-999
-999
-999
-999
-999
-999
-999
-999
-999
-999
-999
-999
-999
-999
-999
-999
-999
-999
-999
-999
-999
-999
-999
-999
-999
-999
-999
-999
-999
-999
-999
-999
-999
-999
-999
-999
-999
-999
-999
-999
-999
-999
-999
-999
-999
-999
-999
-999
-999
-999
-999
-999
-999
-999
-999
-999
-999
-999
-999
-999
24.0073
-999
-999
-999
-999
-999
-999
-999
-999
-999
-999
-999
-999
-999
-999
-999
-999
-999
-999
-999
-999
-999
-999
-999
-999
-999
-999
-999
-999
-999
-999
-999
-999
-999
-999
-999
-999
-999
-999
-999
-999
-999
-999
-999
-999
-999
-999
-999
-999
-999
-999
-999
-999
-999
-999
-999
-999
-999
-999
-999
-999
-999
-999
-999
-999
-999
-999
-999
-999
-999
-999
-999
-999
-999
-999
-999
-999
-999
-999
-999
-999
-999
-999
-999
-999
-999
-999
-999
-999
-999
-999
-999
-999
-999
-999
-999
-999
-999
-999
-999
-999
-999
-999
-999
-999
-999
-999
-999
-999
-999
-999
-999
-999
-999
-999
-999
-999
-999
-999
-999
-999
-999
-999
-999
-999
-999
-999
-999
-999
-999
-999
-999
-999
-999
-999
-999
-999
-999
-999
-999
-999
-999
-999
-999
-999
-999
-999
-999
-999
-999
-999
-999
-999
-999
-999
-999
-999
-999
-999
-999
-999
-999
-999
-999
-999
-999
-999
-999
-999
-999
-999
-999
-999
-999
-999
-999
-999
-999
-999
-999
-999
-999
-999
-999
-999
-999
-999
-999
-999
-999
-999
-999
-999
-999
-999
-999
-999
-999
-999
-999
-999
-999
-999
-999
-999
-999
-999
-999
-999
-999
-999
-999
-999
-999
-999
-999
-999
-999
-999
-999
-999
-999
-999
-999
-999
-999
-999
-999
-999
-999
-999
-999
-999
-999
-999
-999
-999
-999
-999
-999
-999
-999
-999
-999
-999
-999
-999
-999
-999
-999
-999
-999
-999
-999
-999
-999
-999
-999
-999
-999
-999
-999
-999
-999
-999
-999
-999
-999
-999
-999
-999
-999
-999
-999
-999
-999
-999
-999
-999
-999
-999
-999
-999
-999
-999
-999
-999
-999
-999
-999
-999
-999
-999
-999
-999
-999
-999
-999
-999
-999
-999
-999
-999
-999
-999
-999
-999
-999
-999
-999
-999
-999
-999
-999
-999
-999
-999
-999
-999
-999
-999
-999
-999
-999
-999
-999
-999
-999
-999
-999
-999
-999
-999
-999
-999
-999
-999
-999
-999
-999
-999
-999
-999
-999
-999
-999
-999
-999
-999
-999
-999
-999
-999
-999
-999
-999
-999
-999
-999
-999
-999
-999
-999
-999
-999
-999
-999
-999
-999
-999
-999
-999
-999
-999
-999
-999
-999
-999
-999
-999
-999
-999
-999
-999
-999
-999
-999
-999
-999
-999
-999
-999
-999
-999
-999
-999
-999
-999
-999
-999
-999
-999
-999
-999
-999
-999
-999
-999
-999
-999
-999
-999
-999
-999
-999
-999
-999
-999
-999
-999
-999
-999
-999
-999
-999
-999
-999
-999
-999
-999
-999
-999
-999
-999
-999
-999
-999
-999
-999
-999
-999
-999
-999
-999
-999
-999
-999
-999
-999
-999
-999
-999
-999
-999
-999
-999
-999
-999
-999
-999
-999
-999
-999
-999
-999
-999
-999
-999
-999
-999
-999
-999
-999
-999
-999
-999
-999
-999
-999
-999
-999
-999
-999
-999
-999
-999
-999
-999
-999
-999
-999
-999
-999
-999
-999
-999
-999
-999
-999
-999
-999
-999
-999
-999
-999
-999
-999
-999
-999
-999
-999
-999
-999
-999
-999
-999
-999
-999
-999
-999
-999
-999
-999
-999
-999
-999
-999
-999
-999
-999
-999
-999
-999
-999
-999
-999
-999
-999
-999
-999
-999
-999
-999
-999
-999
-999
-999
-999
-999
-999
-999
-999
-999
-999
-999
-999
-999
-999
-999
-999
-999
-999
-999
-999
-999
-999
-999
-999
-999
-999
-999
-999
-999
-999
-999
-999
-999
-999
-999
-999
-999
-999
-999
-999
-999
-999
-999
-999
-999
-999
-999
-999
-999
-999
-999
-999
-999
-999
-999
-999
-999
-999
-999
-999
-999
-999
-999
-999
-999
-999
-999
-999
-999
-999
-999
-999
-999
-999
-999
-999
-999
-999
-999
-999
-999
-999
-999
-999
-999
-999
-999
-999
-999
-999
-999
-999
-999
-999
-999
-999
-999
-999
-999
-999
-999
-999
-999
-999
-999
-999
-999
-999
-999
-999
-999
-999
-999
-999
-999
-999
-999
-999
-999
-999
-999
-999
-999
-999
-999
-999
-999
-999
-999
-999
-999
-999
-999
-999
-999
-999
-999
-999
-999
-999
-999
-999
-999
-999
-999
-999
-999
-999
-999
-999
-999
-999
-999
-999
-999
-999
-999
-999
-999
-999
-999
-999
-999
-999
-999
-999
-999
-999
-999
-999
-999
-999
-999
-999
-999
-999
-999
-999
-999
-999
-999
-999
-999
-999
-999
-999
-999
-999
-999
-999
-999
-999
-999
-999
-999
-999
-999
-999
-999
-999
-999
-999
-999
-999
-999
-999
-999
-999
-999
-999
-999
-999
-999
-999
-999
-999
-999
-999
-999
-999
-999
-999
-999
-999
-999
-999
-999
-999
-999
-999
-999
-999
-999
-999
-999
-999
-999
-999
-999
-999
-999
-999
-999
-999
-999
-999
-999
-999
-999
-999
-999
-999
-999
-999
-999
-999
-999
-999
-999
-999
-999
-999
-999
-999
-999
-999
-999
-999
-999
-999
-999
-999
-999
-999
-999
-999
-999
-999
-999
-999
-999
-999
-999
-999
-999
-999
-999
-999
-999
-999
-999
-999
-999
-999
-999
-999
-999
-999
-999
-999
-999
-999
-999
-999
-999
-999
-999
-999
-999
-999
-999
-999
-999
-999
-999
-999
-999
-999
-999
-999
-999
-999
-999
-999
-999
-999
-999
-999
-999
-999
-999
-999
-999
-999
-999
-999
-999
-999
-999
-999
-999
-999
-999
-999
-999
-999
-999
-999
-999
-999
-999
-999
-999
-999
-999
-999
-999
-999
-999
-999
-999
-999
-999
-999
-999
-999
-999
-999
-999
-999
-999
-999
-999
-999
-999
-999
-999
-999
-999
-999
-999
-999
-999
-999
-999
-999
-999
-999
-999
-999
-999
-999
-999
-999
-999
-999
-999
-999
-999
-999
-999
-999
-999
-999
-999
-999
-999
-999
-999
-999
-999
-999
-999
-999
-999
-999
-999
-999
-999
-999
-999
-999
-999
-999
-999
-999
-999
-999
-999
-999
-999
-999
-999
-999
-999
-999
-999
-999
-999
-999
-999
-999
-999
-999
-999
-999
-999
-999
-999
-999
-999
-999
-999
-999
-999
-999
-999
-999
-999
-999
-999
-999
-999
-999
-999
-999
-999
-999
-999
-999
-999
-999
-999
-999
-999
-999
-999
-999
-999
-999
-999
-999
-999
-999
-999
-999
-999
-999
-999
-999
-999
-999
-999
-999
-999
-999
-999
-999
-999
-999
-999
-999
-999
-999
-999
-999
-999
-999
-999
-999
-999
-999
-999
-999
-999
-999
-999
-999
-999
-999
-999
-999
-999
-999
-999
-999
-999
-999
-999
-999
-999
-999
-999
-999
-999
-999
-999
-999
-999
-999
-999
-999
-999
-999
-999
-999
-999
-999
-999
-999
-999
-999
-999
-999
-999
-999
-999
-999
-999
-999
-999
-999
-999
-999
-999
-999
-999
-999
-999
-999
-999
-999
-999
-999
-999
-999
-999
-999
-999
-999
-999
-999
-999
-999
-999
-999
-999
-999
-999
-999
-999
-999
-999
-999
-999
-999
-999
-999
-999
-999
-999
-999
-999
-999
-999
-999
-999
-999
-999
-999
-999
-999
-999
-999
-999
-999
-999
-999
-999
-999
-999
-999
-999
-999
-999
-999
-999
-999
-999
-999
-999
-999
-999
-999
-999
-999
-999
-999
-999
-999
-999
-999
-999
-999
-999
-999
-999
-999
-999
-999
-999
-999
-999
-999
-999
-999
-999
-999
-999
-999
-999
-999
-999
-999
-999
-999
-999
-999
-999
-999
-999
-999
-999
-999
-999
-999
-999
-999
-999
-999
-999
-999
-999
-999
-999
-999
-999
-999
-999
-999
-999
-999
-999
-999
-999
-999
-999
-999
-999
-999
-999
-999
-999
-999
-999
-999
-999
-999
-999
-999
-999
-999
-999
-999
-999
-999
-999
-999
-999
-999
-999
-999
-999
-999
-999
-999
-999
-999
-999
-999
-999
-999
-999
-999
-999
-999
-999
-999
-999
-999
-999
-999
-999
-999
-999
-999
-999
-999
-999
-999
-999
-999
-999
-999
-999
-999
-999
-999
-999
-999
-999
-999
-999
-999
-999
-999
-999
-999
-999
-999
-999
-999
-999
-999
-999
-999
-999
-999
-999
-999
-999
-999
-999
-999
-999
-999
-999
-999
-999
-999
-999
-999
-999
-999
-999
-999
-999
-999
-999
-999
-999
-999
-999
-999
-999
-999
-999
-999
-999
-999
-999
-999
-999
-999
-999
-999
-999
-999
-999
-999
-999
-999
-999
-999
-999
-999
-999
-999
-999
-999
-999
-999
-999
-999
-999
-999
-999
-999
-999
-999
-999
-999
-999
-999
-999
-999
-999
-999
-999
-999
-999
-999
-999
-999
-999
-999
-999
-999
-999
-999
-999
-999
-999
-999
-999
-999
-999
-999
-999
-999
-999
-999
-999
-999
-999
-999
-999
-999
-999
-999
-999
-999
-999
-999
-999
-999
-999
-999
-999
-999
-999
-999
-999
-999
-999
-999
-999
-999
-999
-999
-999
-999
-999
-999
-999
-999
-999
-999
-999
-999
-999
-999
-999
-999
-999
-999
-999
-999
-999
-999
-999
-999
-999
-999
-999
-999
-999
-999
-999
-999
-999
-999
-999
-999
-999
-999
-999
-999
-999
-999
-999
-999
-999
-999
-999
-999
-999
-999
-999
-999
-999
-999
-999
-999
-999
-999
-999
-999
-999
-999
-999
-999
-999
-999
-999
-999
-999
-999
-999
-999
-999
-999
-999
-999
-999
-999
-999
-999
-999
-999
-999
-999
-999
-999
-999
-999
-999
-999
-999
-999
-999
-999
-999
-999
-999
-999
-999
-999
-999
-999
-999
-999
-999
-999
-999
-999
-999
-999
-999
-999
-999
-999
-999
-999
-999
-999
-999
-999
-999
-999
-999
-999
-999
-999
-999
-999
-999
-999
-999
-999
-999
-999
-999
-999
-999
-999
-999
-999
-999
-999
-999
-999
-999
-999
-999
-999
-999
-999
-999
-999
-999
-999
-999
-999
-999
-999
-999
-999
-999
-999
-999
-999
-999
-999
-999
-999
-999
-999
-999
-999
-999
-999
-999
-999
-999
-999
-999
-999
-999
-999
-999
-999
-999
-999
-999
-999
-999
-999
-999
-999
-999
-999
-999
-999
-999
-999
-999
-999
-999
-999
-999
-999
-999
-999
-999
-999
-999
-999
-999
-999
-999
-999
-999
-999
-999
-999
-999
-999
-999
-999
-999
-999
-999
-999
-999
-999
-999
-999
-999
-999
-999
-999
-999
-999
-999
-999
-999
-999
-999
-999
-999
-999
-999
-999
-999
-999
-999
-999
-999
-999
-999
-999
-999
-999
-999
-999
-999
-999
-999
-999
-999
-999
-999
-999
-999
-999
-999
-999
-999
-999
-999
-999
-999
-999
-999
-999
-999
-999
-999
-999
-999
-999
-999
-999
-999
-999
-999
-999
-999
-999
-999
-999
-999
-999
-999
-999
-999
-999
-999
-999
-999
-999
-999
-999
-999
-999
-999
-999
-999
-999
-999
-999
-999
-999
-999
-999
-999
-999
-999
-999
-999
-999
-999
-999
-999
-999
-999
-999
-999
-999
-999
-999
-999
-999
-999
-999
-999
-999
-999
-999
-999
-999
-999
-999
-999
-999
-999
-999
-999
-999
-999
-999
-999
-999
-999
-999
-999
-999
-999
-999
-999
-999
-999
-999
-999
-999
-999
-999
-999
-999
-999
-999
-999
-999
-999
-999
-999
-999
-999
-999
-999
-999
-999
-999
-999
-999
-999
-999
-999
-999
-999
-999
-999
-999
-999
-999
-999
-999
-999
-999
-999
-999
-999
-999
-999
-999
-999
-999
-999
-999
-999
-999
-999
-999
-999
-999
-999
-999
-999
-999
-999
-999
-999
-999
-999
-999
-999
-999
-999
-999
-999
-999
-999
-999
-999
-999
-999
-999
-999
-999
-999
-999
-999
-999
-999
-999
-999
-999
-999
-999
-999
-999
-999
-999
-999
-999
-999
-999
-999
-999
-999
-999
-999
-999
-999
-999
-999
-999
-999
-999
-999
-999
-999
-999
-999
-999
-999
-999
-999
-999
-999
-999
-999
-999
-999
-999
-999
-999
-999
-999
-999
-999
-999
-999
-999
-999
-999
-999
-999
-999
-999
-999
-999
-999
-999
-999
-999
-999
-999
-999
-999
-999
-999
-999
-999
-999
-999
-999
-999
-999
-999
-999
-999
-999
-999
-999
-999
-999
-999
-999
-999
-999
-999
-999
-999
-999
-999
-999
-999
-999
-999
-999
-999
-999
-999
-999
-999
-999
-999
-999
-999
-999
-999
-999
-999
-999
-999
-999
-999
-999
-999
-999
-999
-999
-999
-999
-999
-999
-999
-999
-999
-999
-999
-999
-999
-999
-999
-999
-999
-999
-999
-999
-999
-999
-999
-999
-999
-999
-999
-999
-999
-999
-999
-999
-999
-999
-999
-999
-999
-999
-999
-999
-999
-999
-999
-999
-999
-999
-999
-999
-999
-999
-999
-999
-999
-999
-999
-999
-999
-999
-999
-999
-999
-999
-999
-999
-999
-999
-999
-999
-999
-999
-999
-999
-999
-999
-999
-999
-999
-999
-999
-999
-999
-999
-999
-999
-999
-999
-999
-999
-999
-999
-999
-999
-999
-999
-999
-999
-999
-999
-999
-999
-999
-999
-999
-999
-999
-999
-999
-999
-999
-999
-999
-999
-999
-999
-999
-999
-999
-999
-999
-999
-999
-999
-999
-999
-999
-999
-999
-999
-999
-999
-999
-999
-999
-999
-999
-999
-999
-999
-999
-999
-999
-999
-999
-999
-999
-999
-999
-999
-999
-999
-999
-999
-999
-999
-999
-999
-999
-999
-999
-999
-999
-999
-999
-999
-999
-999
-999
-999
-999
-999
-999
-999
-999
-999
-999
-999
-999
-999
-999
-999
-999
-999
-999
-999
-999
-999
-999
-999
-999
-999
-999
-999
-999
-999
-999
-999
-999
-999
-999
-999
-999
-999
-999
-999
-999
-999
-999
-999
-999
-999
-999
-999
-999
-999
-999
-999
-999
-999
-999
-999
-999
-999
-999
-999
-999
-999
-999
-999
-999
-999
-999
-999
-999
-999
-999
-999
-999
-999
-999
-999
-999
-999
-999
-999
-999
-999
-999
-999
-999
-999
-999
-999
-999
-999
-999
-999
-999
-999
-999
-999
-999
-999
-999
-999
-999
-999
-999
-999
-999
-999
-999
-999
-999
-999
-999
-999
-999
-999
-999
-999
-999
-999
-999
-999
-999
-999
-999
-999
-999
-999
-999
-999
-999
-999
-999
-999
-999
-999
-999
-999
-999
-999
-999
-999
-999
-999
-999
-999
-999
-999
-999
-999
-999
-999
-999
-999
-999
-999
-999
-999
-999
-999
-999
-999
-999
-999
-999
-999
-999
-999
-999
-999
-999
-999
-999
-999
-999
-999
-999
-999
-999
-999
-999
-999
-999
-999
-999
-999
-999
-999
-999
-999
-999
-999
-999
-999
-999
-999
-999
-999
-999
-999
-999
-999
-999
-999
-999
-999
-999
-999
-999
-999
-999
-999
-999
-999
-999
-999
-999
-999
-999
-999
-999
-999
-999
-999
-999
-999
-999
-999
-999
-999
-999
-999
-999
-999
-999
-999
-999
-999
-999
-999
-999
-999
-999
-999
-999
-999
-999
-999
-999
-999
-999
-999
-999
-999
-999
-999
-999
-999
-999
-999
-999
-999
-999
-999
-999
-999
-999
-999
-999
-999
-999
-999
-999
-999
-999
-999
-999
-999
-999
-999
-999
-999
-999
-999
-999
-999
-999
-999
-999
-999
-999
-999
-999
-999
-999
-999
-999
-999
-999
-999
-999
-999
-999
-999
-999
-999
-999
-999
-999
-999
-999
-999
-999
-999
-999
-999
-999
-999
-999
-999
-999
-999
-999
-999
-999
-999
-999
-999
-999
-999
-999
-999
-999
-999
-999
-999
-999
-999
-999
-999
-999
-999
-999
-999
-999
-999
-999
-999
-999
-999
-999
-999
-999
-999
-999
-999
-999
-999
-999
-999
-999
-999
-999
-999
-999
-999
-999
-999
-999
-999
-999
-999
-999
-999
-999
-999
-999
-999
-999
-999
27.8284
27.8335
-999
-999
27.6212
-999
-999
27.5437
-999
-999
-999
-999
-999
-999
-999
-999
-999
-999
-999
-999
-999
-999
-999
-999
-999
-999
-999
-999
-999
-999
-999
-999
-999
-999
-999
-999
-999
-999
-999
-999
-999
-999
-999
-999
-999
-999
-999
-999
-999
-999
-999
-999
-999
-999
-999
-999
-999
-999
-999
-999
-999
-999
-999
-999
-999
-999
-999
-999
-999
-999
-999
-999
-999
-999
-999
-999
-999
-999
-999
-999
-999
-999
-999
-999
-999
-999
-999
-999
-999
-999
-999
-999
-999
-999
-999
-999
-999
-999
-999
-999
-999
-999
-999
-999
-999
-999
-999
-999
-999
-999
-999
-999
-999
-999
-999
-999
-999
-999
-999
-999
-999
27.8363
27.8722
27.7402
27.7388
27.581
27.5911
27.581
27.5222
27.5222
27.4763
27.4799
27.3601
27.581
-999
-999
27.3902
-999
-999
-999
-999
-999
-999
-999
-999
-999
-999
-999
-999
-999
-999
-999
-999
-999
-999
-999
-999
-999
-999
-999
-999
-999
-999
-999
-999
-999
-999
-999
-999
-999
-999
-999
-999
-999
-999
-999
-999
-999
-999
-999
-999
-999
-999
-999
-999
-999
-999
-999
-999
-999
-999
-999
-999
-999
-999
-999
-999
-999
-999
-999
-999
-999
-999
-999
-999
-999
-999
-999
-999
-999
-999
-999
-999
-999
-999
-999
-999
-999
-999
-999
-999
-999
-999
-999
-999
-999
-999
-999
-999
-999
-999
-999
-999
-999
-999
-999
-999
-999
-999
-999
-999
-999
27.7617
27.8162
27.8112
27.7409
27.6427
27.505
27.477
27.5315
27.5028
27.5172
27.4799
27.3902
27.5824
27.5236
27.4899
27.5186
-999
-999
27.5681
-999
-999
-999
-999
-999
-999
-999
-999
-999
-999
-999
-999
-999
-999
-999
-999
-999
-999
-999
-999
-999
-999
-999
-999
-999
-999
-999
-999
-999
-999
-999
-999
-999
-999
-999
-999
-999
-999
-999
-999
-999
-999
-999
-999
-999
-999
-999
-999
-999
-999
-999
-999
-999
-999
-999
-999
-999
-999
-999
-999
-999
-999
-999
-999
-999
-999
-999
-999
-999
-999
-999
-999
-999
-999
-999
-999
-999
-999
-999
-999
-999
-999
-999
-999
-999
-999
-999
-999
-999
-999
-999
-999
-999
-999
-999
-999
-999
-999
-999
-999
-999
-999
27.7137
27.6448
27.7331
27.7137
27.5552
27.4756
27.4541
27.4849
27.553
27.4447
27.5315
27.5867
27.6025
27.5552
27.5452
27.4849
27.5774
27.5251
27.5681
27.4648
27.5351
-999
-999
27.4433
-999
-999
-999
-999
-999
-999
-999
-999
-999
-999
-999
-999
-999
-999
-999
-999
-999
-999
-999
-999
-999
-999
-999
-999
-999
-999
-999
-999
-999
-999
-999
-999
-999
-999
-999
-999
-999
-999
-999
-999
-999
-999
-999
-999
-999
-999
-999
-999
-999
-999
-999
-999
-999
-999
-999
-999
-999
-999
-999
-999
-999
-999
-999
-999
-999
-999
-999
-999
-999
-999
-999
-999
-999
-999
-999
-999
-999
-999
-999
-999
-999
-999
-999
-999
-999
-999
-999
-999
-999
-999
-999
-999
-999
-999
-999
-999
-999
27.6972
27.7503
27.6534
27.7402
27.6972
27.5832
27.5014
27.5473
27.5401
27.5416
27.5373
27.6126
27.5824
27.5201
27.5703
27.34
27.5889
27.5566
27.5631
27.5516
27.5322
27.4577
27.439
27.4562
27.4031
27.4225
27.2848
27.4247
27.4103
-999
-999
-999
-999
-999
-999
-999
-999
-999
-999
-999
-999
-999
-999
-999
-999
-999
-999
-999
-999
-999
-999
-999
-999
-999
-999
-999
-999
-999
-999
-999
-999
-999
-999
-999
-999
-999
-999
-999
-999
-999
-999
-999
-999
-999
-999
-999
-999
-999
-999
-999
-999
-999
-999
-999
-999
-999
-999
-999
-999
-999
-999
-999
-999
-999
-999
-999
-999
-999
-999
-999
-999
-999
-999
-999
-999
-999
-999
-999
-999
-999
-999
-999
-999
-999
-999
-999
-999
-999
-999
-999
-999
27.7151
27.7137
27.7015
27.746
27.695
27.6011
27.5573
27.5473
27.4799
27.6248
27.6047
27.5853
27.543
27.5961
27.6126
27.5523
27.5631
27.5215
27.4749
27.5222
27.5911
27.4928
27.5459
27.4562
27.4541
27.4569
27.4569
27.4297
27.5208
27.505
27.4899
27.5803
27.5889
27.6162
27.5989
27.6513
-999
-999
27.4749
-999
-999
-999
-999
-999
-999
-999
-999
-999
-999
-999
-999
-999
-999
-999
-999
-999
-999
-999
-999
-999
-999
-999
-999
-999
-999
-999
-999
-999
-999
-999
-999
-999
-999
-999
-999
-999
-999
-999
-999
-999
-999
-999
-999
-999
-999
-999
-999
-999
-999
-999
-999
-999
-999
-999
-999
-999
-999
-999
-999
-999
-999
-999
-999
-999
-999
-999
-999
-999
-999
-999
-999
-999
-999
-999
-999
-999
-999
-999
-999
-999
-999
27.7036
27.7101
27.7288
27.7058
27.6678
27.6276
27.5559
27.5832
27.6047
27.6305
27.642
27.5552
27.5832
27.4849
27.6147
27.5523
27.5444
27.5373
27.5889
27.5172
27.5423
27.4677
27.5322
27.4677
27.4297
27.4125
27.4168
27.4627
27.4828
27.5337
27.5201
27.5251
27.5
27.6075
27.5903
27.6448
27.6613
27.6441
27.5502
27.4447
27.3135
-999
-999
27.3099
-999
-999
-999
-999
-999
-999
-999
-999
-999
-999
-999
-999
-999
-999
-999
-999
-999
-999
-999
-999
-999
-999
-999
-999
-999
-999
-999
-999
-999
-999
-999
-999
-999
-999
-999
-999
-999
-999
-999
-999
-999
-999
-999
-999
-999
-999
-999
-999
-999
-999
-999
-999
-999
-999
-999
-999
-999
-999
-999
-999
-999
-999
-999
-999
-999
-999
-999
-999
-999
-999
-999
-999
-999
-999
-999
-999
-999
27.7201
27.7338
27.7388
27.7567
27.6678
27.7452
27.6283
27.6621
27.637
27.6312
27.5201
27.5559
27.4196
27.5939
27.7101
27.5817
27.6448
27.5688
27.5487
27.4648
27.571
27.5007
27.5789
27.543
27.5581
27.391
27.4039
27.5401
27.4828
27.5416
27.5918
27.5423
27.6348
27.685
27.5875
27.6534
27.6219
27.6061
27.3551
27.4577
27.307
27.2913
27.3988
27.4462
27.4232
27.3436
-999
-999
27.2475
-999
-999
-999
-999
-999
-999
-999
-999
-999
-999
-999
-999
-999
-999
-999
-999
-999
-999
-999
-999
-999
-999
-999
-999
-999
-999
-999
-999
-999
-999
-999
-999
-999
-999
-999
-999
-999
-999
-999
-999
-999
-999
-999
-999
-999
-999
-999
-999
-999
-999
-999
-999
-999
-999
-999
-999
-999
-999
-999
-999
-999
-999
-999
-999
-999
-999
-999
-999
-999
-999
-999
-999
27.7574
27.6936
27.7216
27.7503
27.7374
27.5997
27.6126
27.6685
27.6549
27.7402
27.6197
27.5954
27.4196
27.5954
27.6649
27.6398
27.7123
27.5824
27.5602
27.5186
27.571
27.6047
27.6276
27.5538
27.6578
27.5889
27.4261
27.5602
27.5552
27.5538
27.6119
27.6448
27.614
27.6441
27.5251
27.5781
27.6197
27.6097
27.4849
27.4275
27.3063
27.3501
27.4677
27.4089
27.368
27.2755
27.2841
27.0051
27.1349
27.1019
27.1184
-999
27.0998
27.0123
-999
-999
-999
-999
-999
-999
-999
-999
-999
-999
-999
-999
-999
-999
-999
-999
-999
-999
-999
-999
-999
-999
-999
-999
-999
-999
-999
-999
-999
-999
-999
-999
-999
-999
-999
-999
-999
-999
-999
-999
-999
-999
-999
-999
-999
-999
-999
-999
-999
-999
-999
-999
-999
-999
-999
-999
-999
-999
-999
-999
-999
-999
-999
-999
-999
-999
-999
27.7574
27.6936
27.6936
27.6986
27.6872
27.6197
27.6075
27.6635
27.6649
27.7653
27.6276
27.6499
27.6097
27.6649
27.6197
27.6499
27.6664
27.4247
27.5222
27.5703
27.5322
27.5473
27.6248
27.5911
27.6628
27.5889
27.576
27.5789
27.5939
27.5853
27.5889
27.6764
27.6413
27.6441
27.5803
27.5954
27.4777
27.6126
27.6197
27.4426
27.33
27.449
27.4627
27.3472
27.2776
27.1478
27.2253
27.1263
27.0747
27.0575
27.0338
26.9822
26.985
26.9219
26.9384
26.9226
-999
26.7261
-999
26.79
26.6322
-999
26.3553
-999
-999
-999
-999
-999
-999
-999
-999
-999
-999
-999
-999
-999
-999
-999
-999
-999
-999
-999
-999
-999
-999
-999
-999
-999
-999
-999
-999
-999
-999
-999
-999
-999
-999
-999
-999
-999
-999
-999
-999
-999
-999
-999
-999
-999
-999
-999
-999
-999
-999
-999
-999
-999
-999
-999
-999
-999
-999
27.7689
27.7718
27.7589
27.6778
27.6764
27.6965
27.6097
27.7201
27.7216
27.7653
27.6742
27.6814
27.6527
27.7201
27.6248
27.6448
27.6147
27.6699
27.6362
27.5552
27.5853
27.4849
27.5803
27.51
27.6864
27.5889
27.6326
27.6728
27.6563
27.5552
27.6147
27.6513
27.6111
27.604
27.5459
27.5538
27.5552
27.5652
27.6197
27.4426
27.3953
27.4361
27.4763
27.3472
27.1952
27.1636
27.1901
27.0625
27.0747
26.9449
26.8853
26.9305
26.942
26.9219
26.9736
26.9097
26.838
26.8724
26.8265
26.6164
26.5626
26.6515
26.2901
26.4522
26.336
26.2872
26.1352
26.2772
-999
-999
-999
-999
-999
-999
-999
-999
-999
-999
-999
-999
-999
-999
-999
-999
-999
-999
-999
-999
-999
-999
-999
-999
-999
-999
-999
-999
-999
-999
-999
-999
-999
-999
-999
-999
-999
-999
-999
-999
-999
-999
-999
-999
-999
-999
-999
-999
-999
-999
-999
-999
-999
27.7338
27.7223
27.7302
27.7158
27.6499
27.7553
27.6549
27.685
27.6047
27.7452
27.7252
27.7653
27.7797
27.7897
27.7474
27.7553
27.685
27.6699
27.6986
27.7488
27.6162
27.5
27.6097
27.5939
27.713
27.6656
27.7001
27.6549
27.6735
27.5961
27.7087
27.6664
27.5932
27.5824
27.5652
27.5172
27.5624
27.637
27.4648
27.3723
27.396
27.5172
27.4749
27.3902
26.9398
27.0725
27.0173
26.8617
27.0388
26.8237
26.7598
26.8674
26.7849
26.7562
26.8115
26.8151
26.9384
26.6982
26.7828
26.5597
26.4299
26.4973
26.4385
26.4801
26.28
26.2872
26.2176
26.2614
26.1739
25.996
-999
-999
25.8411
-999
-999
-999
-999
-999
-999
-999
-999
-999
-999
-999
-999
-999
-999
-999
-999
-999
-999
-999
-999
-999
-999
-999
-999
-999
-999
-999
-999
-999
-999
-999
-999
-999
-999
-999
-999
-999
-999
-999
-999
-999
-999
-999
-999
-999
-999
-999
-999
27.69
27.7553
27.8127
27.7481
27.7072
27.6047
27.68
27.675
27.7252
27.7876
27.685
27.7209
27.6398
27.7553
27.7115
27.5954
27.8048
27.6226
27.5997
27.7524
27.6872
27.505
27.6413
27.5
27.6699
27.6391
27.6965
27.6527
27.7409
27.6735
27.7087
27.604
27.6613
27.5688
27.5509
27.5853
27.515
27.4835
27.33
27.3601
27.3773
27.5416
27.5502
27.3831
26.81
26.975
26.9269
26.7247
26.8452
26.7168
26.7225
26.7276
26.6401
26.6989
26.7778
26.7684
26.871
26.734
26.5798
26.6415
26.4299
26.3453
26.4565
26.4163
26.2908
26.2929
26.2198
26.2549
26.0548
25.9372
25.9035
25.9222
25.8411
25.9329
25.7572
25.5141
25.4538
25.385
25.2487
-999
-999
-999
-999
-999
-999
-999
-999
-999
-999
-999
-999
-999
-999
-999
-999
-999
-999
-999
-999
-999
-999
-999
-999
-999
-999
-999
-999
-999
-999
-999
-999
-999
-999
-999
-999
-999
-999
-999
-999
-999
-999
27.6448
27.751
27.751
27.8148
27.751
27.6499
27.68
27.7101
27.7352
27.7761
27.6534
27.6427
27.6613
27.7574
27.6427
27.6398
27.7151
27.7201
27.675
27.7847
27.7553
27.784
27.6413
27.5997
27.7166
27.6534
27.675
27.7022
27.7947
27.6097
27.7072
27.6219
27.7703
27.5954
27.5036
27.5853
27.6491
27.5703
27.32
27.3228
27.4526
27.5652
27.4247
27.4347
27.1973
27.0603
26.9011
26.805
26.739
26.5547
26.6888
26.7347
26.7383
26.6688
26.7276
26.7684
26.7828
26.7426
26.6723
26.5203
26.5648
26.5303
26.4988
26.4299
26.3639
26.3224
26.3252
26.1976
25.8963
25.8899
25.854
25.8999
25.8476
25.6948
25.5435
25.4373
25.3355
25.2925
25.1799
24.8557
24.8313
24.8399
24.8299
24.5832
-999
-999
-999
23.9951
-999
-999
-999
-999
-999
-999
-999
-999
-999
-999
-999
-999
-999
-999
-999
-999
-999
-999
-999
-999
-999
-999
-999
-999
-999
-999
-999
-999
-999
-999
-999
-999
-999
27.7352
27.7309
27.7775
27.7065
27.6075
27.6248
27.69
27.6599
27.6126
27.7051
27.5853
27.6972
27.6664
27.69
27.6427
27.6728
27.685
27.7352
27.7747
27.8134
27.7452
27.8141
27.7847
27.6628
27.8284
27.6578
27.69
27.7711
27.756
27.5903
27.6986
27.5989
27.5452
27.5552
27.5789
27.6664
27.6047
27.6248
27.3522
27.3027
27.4526
27.5251
27.4347
27.4082
27.2482
27.0603
26.7448
26.81
26.5999
26.5999
26.6888
26.7225
26.7225
26.6515
26.7548
26.6652
26.739
26.6401
26.691
26.5748
26.5798
26.5174
26.3797
26.478
26.4572
26.4199
26.3102
26.1976
25.8827
25.8383
25.8167
25.7816
25.5464
25.4452
25.4739
25.4144
25.4036
25.3326
25.1985
24.5839
24.9647
24.7015
24.7797
24.6649
24.5115
24.2167
24.0216
23.9901
-999
-999
-999
-999
-999
-999
-999
-999
-999
-999
-999
-999
-999
-999
-999
-999
-999
-999
-999
-999
-999
-999
-999
-999
-999
-999
-999
-999
-999
-999
-999
-999
-999
27.6864
27.6477
27.6922
27.7065
27.713
27.6276
27.695
27.7101
27.6599
27.7252
27.6778
27.685
27.6097
27.7431
27.6649
27.8184
27.6972
27.6972
27.6922
27.6699
27.8198
27.8026
27.8951
27.6649
27.8478
27.6699
27.8327
27.7711
27.6147
27.5523
27.6362
27.5358
27.7603
27.5903
27.68
27.6025
27.5502
27.5036
27.4548
27.4082
27.4196
27.5652
27.4799
27.4849
27.2518
26.9649
26.8473
26.7398
26.795
26.6601
26.8222
26.8201
26.7749
26.7512
26.7835
26.6623
26.686
26.5777
26.63
26.493
26.5511
26.3847
26.3797
26.4522
26.28
26.4177
26.2499
26.0584
25.8361
25.7859
25.745
25.7386
25.4847
25.4861
25.4739
25.3965
25.39
25.3599
25.0415
24.7625
24.9403
24.7015
24.7696
24.9762
24.515
24.2698
23.9499
23.8014
-999
-999
-999
-999
-999
-999
-999
-999
-999
-999
-999
-999
-999
-999
-999
-999
-999
-999
-999
-999
-999
-999
-999
-999
-999
-999
-999
-999
-999
-999
-999
-999
-999
27.7352
27.5903
27.7029
27.7087
27.7452
27.5652
27.6864
27.6377
27.6499
27.5602
27.7252
27.685
27.6248
27.685
27.7531
27.8198
27.7718
27.7926
27.7036
27.6699
27.8851
27.855
27.7402
27.7911
27.6534
27.7603
27.6685
27.51
27.6463
27.586
27.6147
27.4498
27.7603
27.5452
27.5724
27.5918
27.5753
27.4914
27.4799
27.4598
27.4949
27.5652
27.4548
27.363
27.15
26.8552
26.9097
26.8402
26.7111
26.8287
26.8351
26.833
26.7677
26.7849
26.7749
26.6723
26.6229
26.5777
26.5648
26.4636
26.5052
26.4622
26.5131
26.3525
26.2549
26.1251
26.0785
25.8677
25.7902
25.7077
25.7199
25.6876
25.484
25.484
25.4302
25.3312
25.1799
25.2559
24.969
24.7976
24.931
24.8708
25.0601
24.9783
24.4297
24.2863
-999
-999
-999
-999
-999
-999
-999
-999
-999
-999
-999
-999
-999
-999
-999
-999
-999
-999
-999
-999
-999
-999
-999
-999
-999
-999
-999
-999
-999
-999
-999
-999
-999
-999
-999
27.7352
27.7051
27.6549
27.5824
27.685
27.5803
27.6083
27.6147
27.5997
27.6599
27.7703
27.7072
27.7998
27.8335
27.685
27.8578
27.7524
27.855
27.7216
27.7725
27.7553
27.6348
27.69
27.6599
27.5954
27.5724
27.675
27.6427
27.7001
27.5552
27.6599
27.6097
27.6326
27.5703
27.6829
27.5387
27.5466
27.4914
27.4397
27.4942
27.5502
27.5911
27.4928
27.5201
27.16
26.9277
26.9599
26.8975
26.7799
26.8853
26.7799
26.8186
26.7677
26.7627
26.6551
26.6587
26.6716
26.5511
26.5798
26.3051
26.4285
26.3883
26.4543
26.161
25.9401
25.91
25.9501
25.8899
25.7249
25.7077
25.6453
25.6252
25.57
25.385
25.2932
25.2028
25.1799
25.1784
25.0551
25.0415
25.0278
25.1347
25.1211
24.9783
24.8865
24.4397
24.036
-999
23.6802
-999
-999
-999
-999
-999
-999
-999
-999
-999
-999
-999
-999
-999
-999
-999
-999
-999
-999
-999
-999
-999
-999
-999
-999
-999
-999
-999
-999
-999
-999
-999
-999
27.7402
27.6298
27.8048
27.6226
27.7775
27.6836
27.6785
27.6527
27.7015
27.695
27.7474
27.7682
27.8428
27.7625
27.7825
27.86
27.8815
27.8335
27.8134
27.7173
27.6147
27.7309
27.6047
27.6699
27.5954
27.6628
27.675
27.6197
27.6197
27.642
27.7087
27.6326
27.8299
27.6126
27.7625
27.5989
27.5789
27.4885
27.4749
27.5609
27.5631
27.4684
27.4928
27.2798
27.1184
26.98
27.0087
26.8975
26.9513
27.0453
26.8667
26.8473
26.7914
26.7448
26.6953
26.6451
26.6401
26.5899
26.4952
26.318
26.1882
26.0197
26.2901
25.9681
25.9401
25.92
25.9107
25.7852
25.6984
25.6762
25.5248
25.5822
25.4962
25.4223
25.271
25.1096
25.129
25.1239
24.8801
24.931
24.9002
24.9877
25.0422
24.9002
24.9188
24.4261
24.1801
23.6451
23.5748
-999
-999
-999
-999
-999
-999
-999
-999
-999
-999
-999
-999
-999
-999
-999
-999
-999
-999
-999
-999
-999
-999
-999
-999
-999
-999
-999
-999
-999
-999
-999
-999
27.6599
27.7452
27.8299
27.7001
27.7962
27.6348
27.708
27.6477
27.7015
27.5201
27.7151
27.9002
27.8578
27.8449
27.8299
27.8751
27.8815
27.8098
27.7517
27.9152
27.6728
27.7897
27.6248
27.6348
27.6047
27.6534
27.6176
27.685
27.695
27.6958
27.7474
27.7531
27.7732
27.7115
27.7216
27.6391
27.6814
27.5351
27.581
27.4935
27.5086
27.4634
27.4684
27.2102
27.0467
26.985
27.1485
27.0087
26.9377
27.0632
26.98
26.8997
26.8567
26.7362
26.6723
26.6551
26.615
26.5483
26.511
26.318
26.1581
26.0075
26.1201
25.7924
25.8598
25.801
25.8074
25.7974
25.6647
25.745
25.6927
25.5822
25.3298
25.3814
25.2459
25.0436
25.0393
25.0859
24.8801
24.8062
24.8672
24.9167
25.0113
24.8787
24.7359
24.4261
24.2547
23.9097
23.5203
-999
-999
-999
-999
-999
-999
-999
-999
-999
-999
-999
-999
-999
-999
-999
-999
-999
-999
-999
-999
-999
-999
-999
-999
-999
-999
-999
-999
-999
-999
-999
-999
27.7302
27.7452
27.8872
27.7897
27.87
27.7653
27.7323
27.8299
27.7897
27.7216
27.8349
27.8887
27.8966
27.9747
27.9532
28.0264
27.8413
27.7553
27.8887
27.8184
27.7173
27.87
27.7653
27.7302
27.7503
27.5903
27.5602
27.87
27.7273
27.6958
27.7151
27.7897
27.7919
27.6965
27.6083
27.5997
27.6527
27.5997
27.5272
27.4828
27.4053
27.3651
27.4469
27.2683
26.9097
27.023
27.1249
27.0503
26.9384
27.0567
26.9255
26.9398
26.8201
26.7778
26.6723
26.62
26.6049
26.5748
26.5547
26.4149
26.1753
25.8849
25.91
25.7127
25.6647
25.6547
25.7314
25.6152
25.6439
25.7178
25.5951
25.5485
25.3592
25.3212
25.2918
25.1347
25.0623
25.2351
24.9289
24.8428
24.7567
24.8299
24.8966
24.8148
24.4978
24.3888
24.0898
-999
-999
-999
-999
-999
-999
-999
-999
-999
-999
-999
-999
-999
-999
-999
-999
-999
-999
-999
-999
-999
-999
-999
-999
-999
-999
-999
-999
-999
-999
-999
-999
-999
-999
27.8751
27.8851
27.9288
27.9124
27.9138
27.7653
27.9052
27.9762
27.8098
27.7703
27.9547
27.9475
28.0099
28.0752
27.9841
28.0271
27.9002
27.9073
28.0336
27.8507
27.7976
27.87
27.7653
27.8751
27.5401
27.5997
27.6398
27.7947
27.8349
27.7424
27.652
27.8148
27.8263
27.7166
27.6083
27.4749
27.5014
27.6348
27.6298
27.4828
27.4376
27.3852
27.4333
27.2461
26.9097
27.0202
27.1564
27.046
26.9736
27.0567
26.8947
26.9599
26.795
26.7039
26.7218
26.6551
26.5619
26.5497
26.5275
26.4966
26.3051
25.882
25.8591
25.75
25.7565
25.6927
25.7314
25.5872
25.57
25.5887
25.4725
25.4022
25.281
25.2674
25.2301
25.2416
25.2279
25.1125
24.8952
24.9389
24.5351
24.746
24.7438
24.6563
24.3236
24.2167
-999
-999
23.1603
-999
-999
-999
-999
-999
-999
-999
-999
-999
-999
-999
-999
-999
-999
-999
-999
-999
-999
-999
-999
-999
-999
-999
-999
-999
-999
-999
-999
-999
-999
-999
-999
27.9253
27.8751
27.9991
27.9762
28.0128
28.1153
28.1598
28.1397
28.045
27.9676
28.1297
28.1526
28.1289
28.0752
28.0515
27.9848
28.0149
28.0436
28.0551
28.0766
27.9353
27.855
27.9016
28.0113
27.7998
27.9202
27.8951
27.9461
27.8851
27.7883
27.751
27.7582
27.7668
27.7302
27.5616
27.434
27.429
27.4447
27.4261
27.4921
27.429
27.3501
27.4153
27.1851
26.8602
27.0166
27.269
27.0187
26.9621
27.0474
26.9398
26.932
26.7426
26.7147
26.6551
26.5999
26.4773
26.5361
26.5038
26.3173
26.1803
25.882
25.8203
25.6453
25.6618
25.6088
25.6647
25.4302
25.555
25.5672
25.4581
25.2451
25.1684
25.2674
25.2007
25.1749
25.1318
25.03
24.9116
24.8363
24.5351
24.5452
24.4928
24.4089
23.9334
23.9764
-999
-999
-999
-999
-999
-999
-999
-999
-999
-999
-999
-999
-999
-999
-999
-999
-999
-999
-999
-999
-999
-999
-999
-999
-999
-999
-999
-999
-999
-999
-999
-999
-999
-999
-999
27.9353
27.8751
27.9991
28.0049
28.1003
28.0701
28.0802
28.0752
28.0551
28.0199
28.2724
28.1971
28.3003
28.0773
28.101
28.0285
28.1038
28.1132
28.1598
28.0422
28.1648
28.0113
28.0228
28.0802
27.9124
28.0465
27.8951
27.9274
27.9002
27.9152
27.7933
27.784
27.7919
27.7976
27.7065
27.5179
27.4863
27.4053
27.3752
27.4268
27.4067
27.434
27.3773
27.3587
27.1113
27.2683
27.2841
27.0288
26.739
26.9908
26.9614
26.9492
26.739
26.7541
26.63
26.5726
26.3783
26.265
26.232
26.0584
25.9078
25.745
25.7615
25.6088
25.6252
25.5349
25.5973
25.385
25.3649
25.4503
25.3993
25.2423
25.2286
25.21
25.2286
25.0759
25.1354
25.04
24.9038
24.7539
24.2074
24.2963
24.1672
24.1873
23.7814
23.6874
23.4852
-999
-999
-999
-999
-999
-999
-999
-999
-999
-999
-999
-999
-999
-999
-999
-999
-999
-999
-999
-999
-999
-999
-999
-999
-999
-999
-999
-999
-999
-999
-999
-999
-999
-999
28.0551
27.9496
28.0199
28.1548
28.1074
28.1834
28.1827
28.2839
28.1928
28.1834
28.2724
28.2903
28.2709
28.1849
28.1203
28.0823
28.0544
28.1426
28.1598
28.2301
28.1591
28.078
28.101
28.0816
28.0178
28.0336
27.9453
27.9253
27.9231
27.8378
27.8478
27.784
27.8449
27.8227
27.6929
27.5143
27.4727
27.3128
27.4347
27.4039
27.4591
27.4347
27.4082
27.4196
27.3587
27.3494
27.3365
26.8624
26.4608
26.8287
26.9649
26.9492
26.8638
26.871
26.5289
26.4952
26.3783
26.0283
26.0369
25.9179
25.872
25.7249
25.6052
25.5098
25.5019
25.3097
25.4352
25.3032
25.3649
25.3599
25.3398
25.3083
25.2552
25.2753
25.111
25.0759
24.9812
24.9511
24.8665
24.5222
24.1902
24.0998
24.1672
23.8581
23.5927
23.5031
23.4099
23.2399
-999
-999
-999
-999
-999
-999
-999
-999
-999
-999
-999
-999
-999
-999
-999
-999
-999
-999
-999
-999
-999
-999
-999
-999
-999
-999
-999
-999
-999
-999
-999
-999
-999
27.9425
27.9762
28.0249
28.1254
28.0278
28.2157
28.2652
28.2688
28.22
28.2401
28.2523
28.1949
28.2681
28.2523
28.1347
28.1297
28.1081
28.1419
28.205
28.1648
28.1282
28.134
28.0823
28.0572
28.045
28.0343
27.9834
27.9002
27.8399
27.87
27.8514
27.832
27.9002
27.8736
27.718
27.4663
27.4727
27.4089
27.5
27.4627
27.482
27.4347
27.4742
27.4598
27.3737
27.3386
27.3365
27.1163
26.6967
26.8538
27.0073
26.9685
26.9621
26.9226
26.6458
26.5253
26.2965
26.0749
25.9351
25.9437
-999
25.6575
25.6202
25.5098
25.4115
25.2925
25.276
25.1003
25.347
25.2387
25.3011
25.2853
25.1591
25.134
24.9834
24.9246
24.8722
24.6406
24.5122
24.3271
24.1902
23.985
23.7448
23.7247
23.4801
23.2801
-999
23.1101
-999
-999
-999
-999
-999
-999
-999
-999
-999
-999
-999
-999
-999
-999
-999
-999
-999
-999
-999
-999
-999
-999
-999
-999
-999
-999
-999
-999
-999
-999
-999
-999
-999
27.9403
27.9002
28.0278
28.1124
27.9626
28.0823
28.3649
28.309
28.3082
28.2272
28.2853
28.2774
28.253
28.225
28.1799
28.1318
28.1799
28.1964
28.167
28.1648
28.1483
28.149
28.0988
28.0572
28.068
27.9762
27.9547
27.9339
27.8801
27.9138
27.8736
27.8457
27.8966
27.8672
27.69
27.4498
27.4505
27.4691
27.5373
27.5179
27.571
27.4899
27.515
27.4189
27.3988
27.3572
27.3659
27.2353
27.0015
26.9205
27.013
27.003
26.9277
26.9348
26.7261
26.5597
26.2815
26.09
25.9602
25.948
-999
25.8002
25.6023
25.4302
25.215
25.1397
25.1024
25.1103
25.1576
25.0852
25.3011
25.1325
24.8901
25.0063
24.8256
24.7947
24.5602
24.6406
24.3099
24.1493
24.1034
23.9126
23.5304
23.6336
23.4801
23.1051
22.9853
-999
23.0448
-999
-999
-999
-999
-999
-999
-999
-999
-999
-999
-999
-999
-999
-999
-999
-999
-999
-999
-999
-999
-999
-999
-999
-999
-999
-999
-999
-999
-999
-999
-999
-999
27.9202
28.0249
28.0034
28.0249
28.0551
28.0701
28.2853
28.309
28.2573
28.1999
28.2423
28.2164
28.1619
28.2487
28.2401
28.1318
28.2186
28.2322
28.1576
28.2093
28.1469
28.0924
28.0336
28.0787
27.9496
27.9339
27.9009
27.8865
27.8801
27.926
27.9253
27.9023
27.9432
27.8005
27.7323
27.5523
27.477
27.4634
27.5136
27.5208
27.5136
27.4577
27.467
27.3917
27.4196
27.4161
27.3486
27.2303
27.1866
27.0252
27.0668
26.9463
26.985
26.9434
26.7082
26.5597
26.3783
26.0649
25.9602
25.9602
-999
25.6977
25.6547
25.39
25.1447
25.0286
25.0666
25.03
25.025
24.9525
25.04
24.865
24.7453
24.7811
24.642
24.6649
24.4103
24.3451
24.1722
24.0417
23.9513
23.7885
23.615
23.5397
23.3675
23.255
23.095
22.9351
-999
-999
-999
-999
-999
-999
-999
-999
-999
-999
-999
-999
-999
-999
-999
-999
-999
-999
-999
-999
-999
-999
-999
-999
-999
-999
-999
-999
-999
-999
-999
-999
-999
27.9224
28.068
27.9934
28.1003
28.205
28.1153
28.2975
28.3462
28.2537
28.2351
28.2372
28.1999
28.2129
28.1928
28.1842
28.1677
28.1999
28.1834
28.1964
28.1626
28.1325
28.0264
27.9669
27.9826
27.9088
27.9052
27.9037
27.9747
27.9281
27.9461
27.941
27.9496
27.9489
27.8005
27.7302
27.5552
27.4612
27.4885
27.5337
27.4677
27.4526
27.4361
27.4161
27.4039
27.4239
27.3063
27.3372
27.221
27.1866
27.051
27.0123
26.9585
26.9764
26.9434
26.7598
26.6035
26.4249
26.4436
25.9788
25.9616
25.925
25.806
25.6919
25.3642
25.0522
25.0286
25.2
25.2573
24.9052
24.7151
24.865
24.5803
24.6377
24.5552
24.6097
24.5122
24.3917
24.3099
24.1651
23.871
23.8603
23.6903
23.6128
23.4601
23.3432
23.1187
23.095
22.9301
-999
-999
-999
-999
-999
-999
-999
-999
-999
-999
-999
-999
-999
-999
-999
-999
-999
-999
-999
-999
-999
-999
-999
-999
-999
-999
-999
-999
-999
-999
-999
-999
-999
28.1684
28.2114
28.1497
28.2451
28.205
28.3125
28.4
28.3649
28.1318
28.1375
28.1619
28.1282
28.2057
28.1985
28.1885
28.2172
28.2035
28.1892
28.1383
28.1476
28.1325
27.9597
27.9224
27.9131
27.9152
27.9712
27.9382
27.9726
27.931
27.9489
27.9023
27.9461
27.7725
27.7625
27.5968
27.434
27.4397
27.4899
27.5337
27.449
27.4125
27.4333
27.411
27.4039
27.3587
27.32
27.2726
27.2002
27.1285
27.0503
26.9908
26.9743
26.9714
26.8624
26.6637
26.346
26.3173
26.1753
25.9774
26.0297
25.925
25.8483
25.75
25.5349
25.3269
25.271
25.2824
25.3348
25.0372
24.6915
24.5703
24.5323
24.6377
24.5459
24.5602
24.4498
24.3063
24.2303
23.8301
23.871
23.7096
23.5375
23.4601
-999
23.3747
23.0348
22.8447
22.8275
22.4868
-999
22.4452
-999
-999
-999
-999
-999
-999
-999
-999
-999
-999
-999
-999
-999
-999
-999
-999
-999
-999
-999
-999
-999
-999
-999
-999
-999
-999
-999
-999
-999
-999
28.1849
28.2372
28.2552
28.3498
28.1928
28.3685
28.3133
28.39
28.1827
28.1419
28.1777
28.1153
28.2057
28.2035
28.225
28.1713
28.2164
28.1698
28.1784
28.045
28.002
27.865
27.7847
27.8865
27.908
27.9231
27.9855
27.9568
27.9331
27.9511
27.9611
27.9253
27.6613
27.6534
27.4347
27.3859
27.434
27.4835
27.4519
27.4031
27.3702
27.3802
27.4311
27.3608
27.3278
27.2949
27.2267
27.1299
27.1191
26.9807
26.9334
26.8983
26.8932
26.7283
26.4801
26.3553
26.2119
26.1968
26.0728
26.0498
25.925
25.7622
25.6977
25.5901
25.5822
25.4718
25.3219
25.2523
24.9669
24.5552
24.68
24.4261
24.4584
24.4003
24.3874
24.2898
24.2174
24.2002
23.8093
23.762
23.7391
23.478
23.3374
23.27
23.2578
23.0197
22.905
22.6927
22.4868
-999
22.2753
-999
-999
-999
-999
-999
-999
-999
-999
-999
-999
-999
-999
-999
-999
-999
-999
-999
-999
-999
-999
-999
-999
-999
-999
-999
-999
-999
-999
-999
-999
28.2509
28.2372
28.2652
28.3692
28.3807
28.3391
28.22
28.2709
28.1067
28.154
28.1289
28.1462
28.1361
28.1877
28.2129
28.2114
28.2085
28.172
28.1727
28.182
28.0802
27.9217
27.7782
27.7503
27.8442
27.9231
27.9525
27.9109
27.9425
27.9382
27.8872
27.761
27.5079
27.5452
27.3773
27.4569
27.4612
27.3881
27.3458
27.3737
27.2977
27.3802
27.34
27.3422
27.3286
27.2267
27.1973
27.018
27.074
26.9327
26.909
26.8896
26.8237
26.6666
26.5877
26.3553
26.2478
26.2937
26.1732
26.1072
25.8268
25.8347
25.7228
25.6324
25.5091
25.4531
25.2602
25.2523
24.9332
24.51
24.4699
24.3831
24.4132
24.2934
24.3874
24.32
24.1787
24.2999
23.785
23.6487
23.5598
23.478
23.3152
23.2499
23.1402
23.0527
22.8476
22.6597
22.4625
-999
-999
-999
22.3298
-999
-999
-999
-999
-999
-999
-999
-999
-999
-999
-999
-999
-999
-999
-999
-999
-999
-999
-999
-999
-999
-999
-999
-999
-999
-999
-999
-999
28.2867
28.286
28.2853
28.314
28.3197
28.3341
28.2702
28.1562
28.0637
28.154
28.1239
28.1117
28.215
28.2229
28.1834
28.3147
28.1834
28.172
28.1497
28.1583
28.0787
27.8091
27.6097
27.6785
27.7603
27.9073
27.9425
27.8973
27.9439
27.9339
27.8872
27.6061
27.4863
27.4777
27.4326
27.4569
27.3773
27.396
27.3709
27.3408
27.264
27.2848
27.287
27.3063
27.2239
27.2267
27.0123
26.8423
26.9857
26.8488
26.909
26.8151
26.7964
26.6422
26.5547
26.4263
26.3051
26.2901
26.1847
26.0348
25.8935
25.8347
25.7228
25.6303
25.3427
25.3477
25.0752
25.0924
24.7352
24.5064
24.5401
24.325
24.373
24.2153
24.2963
24.2949
24.1801
24.1722
23.8825
23.4837
23.4837
23.5547
23.4852
23.3001
23.1273
23.0075
22.7952
22.555
22.4653
22.2351
-999
22.4704
-999
-999
-999
-999
-999
-999
-999
-999
-999
-999
-999
-999
-999
-999
-999
-999
-999
-999
-999
-999
-999
-999
-999
-999
-999
-999
-999
-999
-999
28.3649
28.3599
28.3434
28.3319
28.3075
28.2975
28.167
28.1081
28.078
28.1017
28.1031
28.1713
28.1734
28.1863
28.1038
28.1827
28.1074
28.1497
28.1031
28.1713
28.096
27.8801
27.6922
27.6757
27.7574
27.8607
27.8478
27.8672
27.9303
27.8643
27.6993
27.5351
27.4663
27.4677
27.4311
27.429
27.3178
27.3278
27.2963
27.2611
27.264
27.1801
27.0991
27.1772
27.0675
27.1019
26.9664
26.9162
26.866
26.8108
26.7182
26.7132
26.6386
26.5468
26.4522
26.4292
26.4149
26.3087
26.1509
26.0168
25.8978
25.8024
25.6518
25.5442
25.2867
25.3247
24.992
24.8493
24.5839
24.5064
24.3451
24.2949
24.4426
24.3006
24.2303
24.178
24.1801
24.1522
23.8782
23.4651
23.3998
23.5913
23.4852
23.3001
23.1201
22.9387
22.74
22.6023
22.3728
22.238
22.2172
-999
-999
-999
-999
-999
-999
-999
-999
-999
-999
-999
-999
-999
-999
-999
-999
-999
-999
-999
-999
-999
-999
-999
-999
-999
-999
-999
-999
-999
-999
28.3692
28.3441
28.2853
28.3075
28.2623
28.1619
28.0795
28.1103
28.0572
28.1203
28.078
28.1153
28.1124
28.1117
28.1153
28.1347
28.1311
28.1397
28.0945
27.9869
28.0034
27.8837
27.6922
27.6778
27.7825
27.8213
27.8198
27.8019
27.8736
27.7352
27.6922
27.4706
27.4777
27.4806
27.4462
27.3501
27.3408
27.368
27.2009
27.1478
27.145
27.1823
27.1693
27.0496
26.952
27.0352
26.937
26.8688
26.8136
26.7849
26.6881
26.5138
26.5232
26.4773
26.5009
26.4873
26.3747
26.3087
26.1251
25.9917
25.7536
25.7802
25.6403
25.4467
25.1734
25.1426
24.8851
24.7316
24.5502
24.424
24.3752
24.2396
24.373
24.2361
24.2275
24.0718
24.084
24.0697
23.8861
23.5576
23.4178
23.5748
23.3747
23.2277
23.1438
22.9086
22.783
22.4797
22.352
-999
22.172
22.21
22.215
22.3549
22.3699
-999
-999
-999
-999
-999
-999
-999
-999
-999
-999
-999
-999
-999
-999
-999
-999
-999
-999
-999
-999
-999
-999
-999
-999
-999
-999
28.3448
28.3441
28.3742
28.3419
28.2767
28.1218
28.0795
28.0199
28.0386
28.0988
28.1017
28.1124
28.0716
28.1074
28.1153
28.0981
28.0924
28.1548
28.1297
27.9998
27.9733
27.893
27.8851
27.723
27.7782
27.8184
27.903
27.8019
27.7596
27.6585
27.6599
27.51
27.4383
27.4483
27.411
27.3092
27.3773
27.3687
27.1966
27.0747
27.1012
27.2475
27.2102
26.9958
26.8889
26.98
26.8853
26.9026
26.8057
26.7498
26.6989
26.5798
26.5232
26.4938
26.5626
26.5138
26.4328
26.3302
26.1416
25.915
25.7981
25.6044
25.522
25.4122
25.1734
25.0113
24.7402
24.7073
24.5624
24.4182
24.4297
24.2934
24.2375
24.1213
24.302
24.0317
24.0503
23.9485
23.7713
23.455
23.2679
23.5598
23.4801
23.2578
23.1424
22.9086
22.6984
22.5507
22.2373
22.2215
22.1053
22.0386
22.1634
22.2803
22.3699
-999
-999
-999
-999
-999
-999
-999
-999
-999
-999
-999
-999
-999
-999
-999
-999
-999
-999
-999
-999
-999
-999
-999
-999
-999
-999
28.3183
28.3269
28.3003
28.3262
28.2394
28.0938
28.0551
28.0622
28.0759
28.0673
28.1397
28.0931
28.0701
28.0766
28.0637
28.0981
28.1526
28.1397
28.1383
27.9819
27.9231
27.7926
27.7725
27.718
27.7682
27.7718
27.7976
27.7868
27.695
27.5803
27.5717
27.4598
27.4383
27.3902
27.4426
27.3945
27.3859
27.3687
27.2561
27.2325
27.236
27.2368
27.2102
27.0589
26.909
26.9248
26.8997
26.9026
26.8258
26.7333
26.7218
26.615
26.6322
26.5174
26.5791
26.4687
26.4177
26.3711
26.0764
25.8834
25.7135
25.5672
25.3061
25.1964
25.1591
24.9862
24.6814
24.6764
24.5201
24.4154
24.3099
24.2934
24.1686
24.1586
24.1851
24.0682
24.1285
23.9198
23.7713
23.4249
23.2564
23.4299
23.5375
23.2693
23.1402
22.9315
22.6547
22.3585
22.195
22.3083
21.9748
22.096
22.0666
22.2143
22.2201
22.4022
-999
-999
-999
-999
-999
-999
-999
-999
-999
-999
-999
-999
-999
-999
-999
-999
-999
-999
-999
-999
-999
-999
-999
-999
-999
28.2315
28.309
28.3592
28.3262
28.167
28.04
28.1411
28.063
28.0493
28.1003
28.0752
28.0493
28.0386
28.03
28.0249
28.0938
28.0773
28.1282
28.1368
27.9819
27.7302
27.7123
27.7374
27.8041
27.7911
27.7467
27.6958
27.6721
27.6434
27.5193
27.4942
27.429
27.3967
27.363
27.4053
27.3859
27.3673
27.3278
27.3092
27.2461
27.198
27.2239
27.1772
27.1019
26.9779
26.9578
26.9377
26.9226
26.7814
26.6974
26.6501
26.6164
26.6013
26.4665
26.5275
26.5189
26.3776
26.3016
26.0319
25.8834
25.7013
25.4581
25.2996
25.1311
25.073
24.8607
24.6269
24.5717
24.4785
24.4197
24.2762
24.259
24.1299
24.0876
24.1206
23.9764
24.0733
23.8524
23.7096
23.4672
23.3324
23.2815
23.5275
23.2858
23.1051
22.8999
22.593
22.3585
22.3377
22.3628
22.215
22.1297
22.0924
22.2502
-999
22.4488
-999
-999
-999
-999
-999
-999
-999
-999
-999
-999
-999
-999
-999
-999
-999
-999
-999
-999
-999
-999
-999
-999
-999
-999
-999
28.2358
28.2724
28.324
28.2975
28.1347
28.04
28.0608
27.9769
28.0128
28.0472
28.0694
28.0493
28.0723
28.0945
28.04
28.0551
28.0787
28.1167
27.9891
27.8901
27.6133
27.7108
27.7811
27.7861
27.7051
27.6707
27.5903
27.5753
27.566
27.4261
27.4003
27.3802
27.4447
27.4519
27.3931
27.3522
27.2597
27.2597
27.2597
27.2511
27.1378
27.1815
27.1364
27.0833
26.9614
26.9384
26.9011
26.9248
26.7656
26.7139
26.6616
26.5884
26.5526
26.389
26.5275
26.3718
26.3102
26.227
26.0054
25.8375
25.5736
25.3197
25.2265
25.1404
24.9848
24.7467
24.6269
24.515
24.4118
24.3773
24.2131
24.2289
24.1686
24.0876
24.0862
24.0051
23.9399
23.6939
23.4464
23.3231
23.3324
23.3173
23.3819
23.2937
23.0986
22.9372
22.7328
22.4216
22.423
22.3628
22.3327
22.2997
-999
-999
22.3226
22.3341
22.5048
-999
-999
-999
-999
-999
-999
-999
-999
-999
-999
-999
-999
-999
-999
-999
-999
-999
-999
-999
-999
-999
-999
-999
-999
28.134
28.3391
28.2925
28.2652
28.2365
28.0278
27.9618
27.9862
27.9884
28.0501
28.0271
28.0501
28.0501
28.0544
28.0938
28.0393
28.0228
28.0673
27.7417
27.6326
27.695
27.6599
27.7603
27.7768
27.7051
27.6197
27.5588
27.5172
27.4842
27.287
27.3637
27.3988
27.4189
27.4139
27.4268
27.3572
27.2992
27.2439
27.2597
27.2253
27.2009
27.1923
27.1127
26.9592
26.9635
26.985
26.9563
26.9198
26.8143
26.7139
26.653
26.5748
26.4228
26.3173
26.4012
26.4149
26.2528
26.0964
25.8834
25.7407
25.4718
25.2537
25.2172
25.0221
24.9188
24.7001
24.6463
24.5265
24.3623
24.2834
24.155
24.1859
24.1643
24.1299
24.0596
23.8516
23.8638
23.5791
23.4522
23.2299
23.2406
23.2413
23.2944
23.3231
23.1502
22.9351
22.7314
22.522
22.4861
22.5249
22.4711
22.451
22.2114
22.2516
22.3126
22.3298
22.3327
-999
-999
-999
-999
-999
-999
-999
-999
-999
-999
-999
-999
-999
-999
-999
-999
-999
-999
-999
-999
-999
-999
-999
-999
28.134
28.2028
28.3082
28.2523
28.3003
28.0264
27.9489
27.9884
27.9884
28.007
28.0558
28.002
28.0149
27.9948
27.9726
27.9998
28.0228
27.9669
27.6578
27.6728
27.7488
27.7036
27.6979
27.6936
27.6807
27.6484
27.5631
27.5308
27.3723
27.287
27.3257
27.3666
27.4268
27.4828
27.4268
27.3845
27.3436
27.3135
27.3078
27.2253
27.1923
27.1744
27.0611
26.9097
26.9635
26.9664
26.8818
26.9234
26.7785
26.7333
26.5999
26.5389
26.4622
26.2162
26.4163
26.4321
26.1481
26.0132
25.8598
25.5514
25.3391
25.2537
25.0723
24.9274
24.8586
24.6269
24.5904
24.4613
24.3623
24.3637
24.1063
24.1357
24.1127
24.1428
23.9449
23.8516
23.6537
23.539
23.3453
23.1653
23.1567
23.2442
23.2944
23.3489
23.2091
22.9014
22.8375
22.6167
22.6324
22.5134
22.4919
22.451
22.4582
22.423
22.2602
22.3298
22.3484
22.2753
-999
-999
-999
-999
-999
-999
-999
-999
-999
-999
-999
-999
-999
-999
-999
-999
-999
-999
-999
-999
-999
-999
-999
28.1297
28.0873
28.2258
28.3075
28.2867
28.078
28.0049
27.9633
27.9439
27.9798
28.0228
28.0357
27.9898
28.0063
27.9547
27.9776
28.0816
27.8191
27.6585
27.7897
27.7703
27.7374
27.6477
27.6197
27.6728
27.6664
27.538
27.4749
27.2231
27.1973
27.3687
27.4347
27.4103
27.4512
27.4232
27.3845
27.3572
27.3565
27.2533
27.2074
27.1141
27.0496
27.0639
26.9513
26.9061
26.9492
26.8717
26.8861
26.7684
26.6953
26.559
26.5311
26.5289
26.3224
26.3718
26.4622
26.1481
25.9193
25.8088
25.5177
25.2996
25.1698
24.9877
24.832
24.8227
24.6427
24.5466
24.457
24.4075
24.2891
24.1866
24.14
24.013
24.1385
24.0474
23.7441
23.4629
23.298
23.3109
23.0247
23.1488
23.2019
23.298
23.3016
23.2098
22.9882
22.8232
22.6109
22.6676
22.5492
22.6332
22.5263
22.5622
22.479
22.4115
22.3836
22.3283
22.4524
-999
-999
-999
-999
-999
-999
-999
-999
-999
-999
-999
-999
-999
-999
-999
-999
-999
-999
-999
-999
-999
-999
-999
28.2035
28.1777
28.2272
28.3398
28.2903
28.101
27.9848
27.8665
27.9812
27.9317
27.9869
27.9647
27.9547
27.964
27.9898
27.9245
27.9583
27.6886
27.7065
27.7252
27.7374
27.7374
27.7036
27.6578
27.604
27.5889
27.5036
27.449
27.1952
27.0022
27.3673
27.4498
27.4577
27.4426
27.4304
27.4075
27.3321
27.3372
27.1866
27.1615
27.0553
27.051
26.9628
26.97
26.9413
26.9119
26.848
26.8287
26.8072
26.6831
26.582
26.5153
26.4959
26.1918
26.3532
26.3568
26.1882
25.8433
25.7214
25.4825
25.2788
25.1347
24.9274
24.832
24.6685
24.6162
24.5294
24.3938
24.3702
24.2863
24.1672
24.0933
24.0145
24.0833
24.0883
23.9893
23.5863
23.3274
23.0807
22.9717
23.1129
23.1639
23.2657
23.2564
23.2098
23.0541
22.7981
22.6762
22.6948
22.6159
22.6991
22.5593
22.598
22.479
22.4797
22.4567
22.3076
22.4051
-999
-999
-999
-999
-999
-999
-999
-999
-999
-999
-999
-999
-999
-999
-999
-999
-999
-999
-999
-999
-999
-999
-999
28.2423
28.2552
28.2129
28.3047
28.3233
28.101
28.012
27.8492
27.9288
27.8916
27.9877
27.9583
27.9762
27.964
28.0457
27.9167
27.87
27.6599
27.7366
27.7395
27.6872
27.7252
27.6463
27.6757
27.6176
27.5021
27.5036
27.4921
27.373
27.1772
27.482
27.434
27.4232
27.4218
27.4089
27.3207
27.3063
27.2016
27.1091
27.0618
27.1062
27.0166
26.9434
26.8717
26.9097
26.8294
26.848
26.8803
26.7677
26.6982
26.5662
26.5153
26.2635
26.204
26.3152
26.2406
26.0247
25.8397
25.5205
25.3972
25.1433
24.9597
24.9511
24.7001
24.6248
24.5825
24.5215
24.4648
24.2992
24.2612
24.1672
24.1041
23.9198
23.9729
24.0295
24.051
23.8997
23.3274
23.189
23.0082
23.0749
23.1137
23.2714
23.2241
23.1323
22.9466
22.7981
22.773
22.6819
22.6367
22.6575
22.6073
22.6367
22.5564
22.5751
22.4567
22.418
22.4574
22.4001
-999
-999
-999
-999
-999
-999
-999
-999
-999
-999
-999
-999
-999
-999
-999
-999
-999
-999
-999
-999
-999
-999
