-999
-999
-999
-999
-999
-999
-999
-999
-999
-999
-999
-999
-999
-999
-999
-999
-999
-999
-999
-999
-999
-999
-999
-999
-999
-999
-999
-999
-999
-999
-999
-999
-999
-999
-999
-999
-999
-999
-999
-999
-999
-999
-999
-999
-999
-999
-999
-999
-999
-999
-999
-999
-999
-999
-999
-999
-999
-999
26.1273
-999
-999
26.057
26.0032
25.8978
25.8591
25.7959
25.6848
25.5915
25.6884
25.6948
25.4653
25.5528
25.4488
25.5672
25.5069
25.5378
25.6059
25.7335
25.6582
25.6503
25.575
25.5793
25.4703
25.4488
25.3197
25.3542
25.5715
25.5578
25.5198
25.2401
25.1347
25.1684
24.9927
24.997
24.9303
24.8198
24.9081
24.9303
24.8342
24.954
24.8873
24.7216
24.7302
24.7438
24.8285
24.8198
24.8528
24.8485
24.9375
24.9339
25.1189
25.0981
25.0092
25.0687
25.0407
25.1914
25.0917
25.1218
24.8579
24.8887
24.921
-999
-999
-999
-999
-999
-999
-999
-999
-999
-999
-999
-999
-999
-999
-999
-999
-999
-999
-999
-999
-999
-999
-999
-999
-999
-999
-999
-999
-999
-999
-999
-999
-999
-999
-999
-999
-999
-999
-999
-999
-999
-999
-999
-999
-999
-999
-999
-999
-999
-999
-999
-999
-999
-999
-999
-999
-999
-999
-999
-999
-999
-999
-999
25.9365
25.8053
25.7766
25.7378
25.6331
25.7723
25.6123
25.5851
25.5686
25.4797
25.504
25.5091
25.4589
25.5428
25.6711
25.679
25.7206
25.5112
25.626
25.4216
25.4488
25.3635
25.1878
25.4883
25.5241
25.4503
24.9231
25.1347
25.0099
24.954
24.8822
24.8414
24.8643
24.9088
24.9203
24.9023
24.9368
24.7826
24.8299
24.7661
24.7517
24.746
24.7051
24.7381
24.8543
24.9203
24.9339
25.0242
25.0199
25.0501
25.0802
25.1125
25.0501
25.1713
25.1368
24.9776
24.9181
24.86
-999
-999
-999
-999
-999
-999
-999
-999
-999
-999
-999
-999
-999
-999
-999
-999
-999
-999
-999
-999
-999
-999
-999
-999
-999
-999
-999
-999
-999
-999
-999
-999
-999
-999
-999
-999
-999
-999
-999
-999
-999
-999
-999
-999
-999
-999
-999
-999
-999
-999
-999
-999
-999
-999
-999
-999
-999
-999
-999
-999
-999
-999
-999
-999
-999
-999
25.8189
25.7084
25.7443
25.631
25.6166
25.466
25.5672
25.4761
25.4689
25.4022
25.4094
25.4797
25.5894
25.6539
25.56
25.6288
25.4775
25.4868
25.3577
25.1878
25.3434
25.517
25.5062
24.9568
24.8736
24.7947
24.8722
24.9102
24.8622
24.8722
24.926
24.9203
24.9339
24.8148
24.6735
24.7245
24.6735
24.6872
24.7008
24.7245
24.7137
24.7725
24.8952
24.8894
24.916
24.9317
25.0658
24.9597
25.0242
24.9712
25.172
25.1153
24.9776
24.9317
24.855
-999
-999
-999
-999
-999
-999
-999
-999
-999
-999
-999
-999
-999
-999
-999
-999
-999
-999
-999
-999
-999
-999
-999
-999
-999
-999
-999
-999
-999
-999
-999
-999
-999
-999
-999
-999
-999
-999
-999
-999
-999
-999
-999
-999
-999
-999
-999
-999
-999
-999
-999
-999
-999
-999
-999
-999
-999
-999
-999
-999
-999
-999
-999
-999
-999
-999
-999
-999
25.7823
25.57
25.6166
25.3613
25.5915
25.5062
25.3965
25.4022
25.4754
25.5923
25.5528
25.5758
25.56
25.5815
25.4718
25.4789
25.3936
25.1792
25.1462
25.3477
25.4438
25.2251
24.8263
24.7919
24.8722
24.8292
24.7575
24.9009
24.9439
24.8851
24.9281
24.7625
24.6635
24.7137
24.69
24.7259
24.7008
24.6585
24.746
24.7919
24.9116
24.9238
24.9217
24.9317
24.954
24.8736
24.9963
25.0199
25.1878
25.1533
25.0042
25.0343
24.8937
-999
-999
-999
-999
-999
-999
-999
-999
-999
-999
-999
-999
-999
-999
-999
-999
-999
-999
-999
-999
-999
-999
-999
-999
-999
-999
-999
-999
-999
-999
-999
-999
-999
-999
-999
-999
-999
-999
-999
-999
-999
-999
-999
-999
-999
-999
-999
-999
-999
-999
-999
-999
-999
-999
-999
-999
-999
-999
-999
-999
-999
-999
-999
-999
-999
-999
-999
-999
-999
-999
25.532
25.3914
25.5048
25.4438
25.5743
25.4503
25.5923
25.6224
25.7924
25.7572
25.5801
25.5456
25.504
25.527
25.395
25.2473
25.1447
25.0938
25.4115
25.3176
24.8693
24.7912
24.7352
24.7022
24.7474
24.8234
24.9719
24.926
24.8263
24.7625
24.6377
24.6649
24.7216
24.756
24.6248
24.6778
24.7087
24.7926
24.8586
24.9102
24.9023
24.9697
24.9038
24.8736
24.9461
25.1383
25.1311
25.1024
25.1247
25.0988
24.8937
-999
-999
-999
-999
-999
-999
-999
-999
-999
-999
-999
-999
-999
-999
-999
-999
-999
-999
-999
-999
-999
-999
-999
-999
-999
-999
-999
-999
-999
-999
-999
-999
-999
-999
-999
-999
-999
-999
-999
-999
-999
-999
-999
-999
-999
-999
-999
-999
-999
-999
-999
-999
-999
-999
-999
-999
-999
-999
-999
-999
-999
-999
-999
-999
-999
-999
-999
-999
-999
-999
-999
-999
-999
25.4675
-999
25.4101
25.6324
25.6453
25.7364
25.7443
25.6776
25.57
25.504
25.5449
25.4474
25.3957
25.2559
25.0938
25.2961
25.3434
24.9927
24.8105
24.7151
24.6291
24.7826
24.9633
24.9375
24.8091
24.7288
24.7073
24.7101
24.6649
24.7144
24.7302
24.6721
24.6986
24.7087
24.8277
24.7402
24.9167
24.9389
24.9468
24.974
24.8873
24.9375
25.1261
25.1612
25.0802
25.172
25.1691
25.0601
-999
-999
-999
-999
-999
-999
-999
-999
-999
-999
-999
-999
-999
-999
-999
-999
-999
-999
-999
-999
-999
-999
-999
-999
-999
-999
-999
-999
-999
-999
-999
-999
-999
-999
-999
-999
-999
-999
-999
-999
-999
-999
-999
-999
-999
-999
-999
-999
-999
-999
-999
-999
-999
-999
-999
-999
-999
-999
-999
-999
-999
-999
-999
-999
-999
-999
-999
-999
-999
-999
-999
-999
-999
-999
-999
-999
-999
25.6453
25.7651
-999
25.6841
25.6303
25.5177
25.4947
25.4789
25.4639
25.3714
25.129
25.2351
25.4151
25.2308
24.7991
24.7223
24.7524
24.7826
24.9475
24.9769
24.7517
24.7051
24.7818
24.6865
24.6334
24.7237
24.6929
24.609
24.6585
24.6972
24.8586
24.7947
24.9353
25.0235
25.045
25.101
24.9138
24.992
25.1261
25.0816
25.04
25.1627
25.1175
25.1627
-999
-999
-999
-999
-999
-999
-999
-999
-999
-999
-999
-999
-999
-999
-999
-999
-999
-999
-999
-999
-999
-999
-999
-999
-999
-999
-999
-999
-999
-999
-999
-999
-999
-999
-999
-999
-999
-999
-999
-999
-999
-999
-999
-999
-999
-999
-999
-999
-999
-999
-999
-999
-999
-999
-999
-999
-999
-999
-999
-999
-999
-999
-999
-999
-999
-999
-999
-999
-999
-999
-999
-999
-999
-999
-999
-999
-999
-999
-999
-999
-999
25.375
25.5112
25.4997
25.5399
25.4739
25.461
25.243
25.2652
25.4151
25.2573
24.9984
24.7689
24.7324
24.7833
24.9712
24.974
24.7488
24.7202
24.6599
24.7209
24.6334
24.7682
24.6635
24.6972
24.6212
24.7582
24.8077
24.7947
24.9891
25.025
25.0687
25.1376
25.0637
24.9497
25.0228
25.04
25.1447
25.0974
25.0852
25.1519
-999
-999
-999
-999
-999
-999
-999
-999
-999
-999
-999
-999
-999
-999
-999
-999
-999
-999
-999
-999
-999
-999
-999
-999
-999
-999
-999
-999
-999
-999
-999
-999
-999
-999
-999
-999
-999
-999
-999
-999
-999
-999
-999
-999
-999
-999
-999
-999
-999
-999
-999
-999
-999
-999
-999
-999
-999
-999
-999
-999
-999
-999
-999
-999
-999
-999
-999
-999
-999
-999
-999
-999
-999
-999
-999
-999
-999
-999
-999
-999
-999
-999
-999
-999
25.5399
25.4668
-999
25.2602
25.2387
25.4036
25.2186
25.101
24.7173
24.7194
24.8285
24.6965
24.974
24.8952
24.6872
24.6391
24.7259
24.6585
24.7689
24.6183
24.6614
24.6757
24.6556
24.7675
24.8234
24.9253
24.9497
25.0952
25.1275
25.0565
25.025
25.0329
24.9203
25.1447
25.1347
25.045
25.1361
-999
-999
-999
-999
-999
-999
-999
-999
-999
-999
-999
-999
-999
-999
-999
-999
-999
-999
-999
-999
-999
-999
-999
-999
-999
-999
-999
-999
-999
-999
-999
-999
-999
-999
-999
-999
-999
-999
-999
-999
-999
-999
-999
-999
-999
-999
-999
-999
-999
-999
-999
-999
-999
-999
-999
-999
-999
-999
-999
-999
-999
-999
-999
-999
-999
-999
-999
-999
-999
-999
-999
-999
-999
-999
-999
-999
-999
-999
-999
-999
-999
-999
-999
-999
-999
-999
-999
-999
-999
25.1899
25.2265
25.0192
24.7467
24.8198
24.7288
24.6391
24.8299
24.8701
24.7589
24.6248
24.6563
24.6212
24.7058
24.6183
24.7488
24.6685
24.7216
24.7639
24.8242
24.9439
24.9497
25.0988
25.0924
25.045
24.7947
24.9791
25.025
25.1132
25.03
24.9762
25.0178
-999
-999
-999
-999
-999
-999
-999
-999
-999
-999
-999
-999
-999
-999
-999
-999
-999
-999
-999
-999
-999
-999
-999
-999
-999
-999
-999
-999
-999
-999
-999
-999
-999
-999
-999
-999
-999
-999
-999
-999
-999
-999
-999
-999
-999
-999
-999
-999
-999
-999
-999
-999
-999
-999
-999
-999
-999
-999
-999
-999
-999
-999
-999
-999
-999
-999
-999
-999
-999
-999
-999
-999
-999
-999
-999
-999
-999
-999
-999
-999
-999
-999
-999
-999
-999
-999
-999
-999
-999
-999
25.1648
25.0192
24.7761
24.8191
24.566
24.8062
24.7388
24.9454
24.8313
24.6986
24.6814
24.7065
24.6585
24.6614
24.7324
24.6614
24.6908
24.8148
24.86
24.9726
25.0551
25.0314
25.0092
24.6951
24.9461
24.8952
24.8801
24.9726
24.9081
24.9762
25.0228
-999
-999
-999
-999
-999
-999
-999
-999
-999
-999
-999
-999
-999
-999
-999
-999
-999
-999
-999
-999
-999
-999
-999
-999
-999
-999
-999
-999
-999
-999
-999
-999
-999
-999
-999
-999
-999
-999
-999
-999
-999
-999
-999
-999
-999
-999
-999
-999
-999
-999
-999
-999
-999
-999
-999
-999
-999
-999
-999
-999
-999
-999
-999
-999
-999
-999
-999
-999
-999
-999
-999
-999
-999
-999
-999
-999
-999
-999
-999
-999
-999
-999
-999
-999
-999
-999
-999
-999
-999
-999
-999
-999
-999
-999
24.8213
-999
24.7453
24.9676
24.8313
24.8693
24.7696
24.7008
24.756
24.7216
24.7739
24.6614
24.8801
24.9353
24.9561
24.9798
25.0874
25.0551
25.0092
25.0329
24.9253
24.8973
24.9303
24.9482
24.8851
25.045
25.1024
-999
-999
-999
-999
-999
-999
-999
-999
-999
-999
-999
-999
-999
-999
-999
-999
-999
-999
-999
-999
-999
-999
-999
-999
-999
-999
-999
-999
-999
-999
-999
-999
-999
-999
-999
-999
-999
-999
-999
-999
-999
-999
-999
-999
-999
-999
-999
-999
-999
-999
-999
-999
-999
-999
-999
-999
-999
-999
-999
-999
-999
-999
-999
-999
-999
-999
-999
-999
-999
-999
-999
-999
-999
-999
-999
-999
-999
-999
-999
-999
-999
-999
-999
-999
-999
-999
-999
-999
-999
-999
-999
-999
-999
-999
-999
-999
-999
-999
24.9963
25.0199
24.9267
24.794
24.8514
24.7324
24.7991
24.8084
24.9052
24.9597
24.9913
25.0099
25.0637
24.9812
25.0515
24.9683
24.9253
24.9633
24.9468
24.9116
25.0034
24.9798
24.9568
-999
-999
-999
-999
-999
-999
-999
-999
-999
-999
-999
-999
-999
-999
-999
-999
-999
-999
-999
-999
-999
-999
-999
-999
-999
-999
-999
-999
-999
-999
-999
-999
-999
-999
-999
-999
-999
-999
-999
-999
-999
-999
-999
-999
-999
-999
-999
-999
-999
-999
-999
-999
-999
-999
-999
-999
-999
-999
-999
-999
-999
-999
-999
-999
-999
-999
-999
-999
-999
-999
-999
-999
-999
-999
-999
-999
-999
-999
-999
-999
-999
-999
-999
-999
-999
-999
-999
-999
-999
-999
-999
-999
-999
-999
-999
-999
-999
-999
24.8198
-999
24.9267
25.0063
24.8227
24.85
24.8184
24.8399
24.8665
24.9597
25.0278
24.9733
25.0192
25.0515
25.0917
24.9999
25.0623
24.8937
24.7453
24.8751
25.0501
24.9332
25.0802
-999
-999
-999
-999
-999
-999
-999
-999
-999
-999
-999
-999
-999
-999
-999
-999
-999
-999
-999
-999
-999
-999
-999
-999
-999
-999
-999
-999
-999
-999
-999
-999
-999
-999
-999
-999
-999
-999
-999
-999
-999
-999
-999
-999
-999
-999
-999
-999
-999
-999
-999
-999
-999
-999
-999
-999
-999
-999
-999
-999
-999
-999
-999
-999
-999
-999
-999
-999
-999
-999
-999
-999
-999
-999
-999
-999
-999
-999
-999
-999
-999
-999
-999
-999
-999
-999
-999
-999
-999
-999
-999
-999
-999
-999
-999
-999
-999
-999
-999
-999
-999
-999
-999
-999
-999
24.8141
24.865
25.0013
25.0063
24.8801
25.0537
25.2
25.0587
24.9568
25.045
25.0049
24.7453
24.7947
25.0465
25.1103
25.1749
-999
-999
-999
-999
-999
-999
-999
-999
-999
-999
-999
-999
-999
-999
-999
-999
-999
-999
-999
-999
-999
-999
-999
-999
-999
-999
-999
-999
-999
-999
-999
-999
-999
-999
-999
-999
-999
-999
-999
-999
-999
-999
-999
-999
-999
-999
-999
-999
-999
-999
-999
-999
-999
-999
-999
-999
-999
-999
-999
-999
-999
-999
-999
-999
-999
-999
-999
-999
-999
-999
-999
-999
-999
-999
-999
-999
-999
-999
-999
-999
-999
-999
-999
-999
-999
-999
-999
-999
-999
-999
-999
-999
-999
-999
-999
-999
-999
-999
-999
-999
-999
-999
-999
-999
-999
-999
24.8098
24.8923
25.0171
24.8801
25.271
25.3498
25.1863
25.0501
24.9547
25.0551
24.9547
24.9676
24.987
25.2602
25.1526
-999
-999
-999
-999
-999
-999
-999
-999
-999
-999
-999
-999
-999
-999
-999
-999
-999
-999
-999
-999
-999
-999
-999
-999
-999
-999
-999
-999
-999
-999
-999
-999
-999
-999
-999
-999
-999
-999
-999
-999
-999
-999
-999
-999
-999
-999
-999
-999
-999
-999
-999
-999
-999
-999
-999
-999
-999
-999
-999
-999
-999
-999
-999
-999
-999
-999
-999
-999
-999
-999
-999
-999
-999
-999
-999
-999
-999
-999
-999
-999
-999
-999
-999
-999
-999
-999
-999
-999
-999
-999
-999
-999
-999
-999
-999
-999
-999
-999
-999
-999
-999
-999
-999
-999
-999
-999
-999
-999
-999
24.9454
25.3247
-999
25.1648
25.205
25.0709
24.9999
25.0551
24.8148
24.987
25.1447
25.1662
-999
-999
-999
-999
-999
-999
-999
-999
-999
-999
-999
-999
-999
-999
-999
-999
-999
-999
-999
-999
-999
-999
-999
-999
-999
-999
-999
-999
-999
-999
-999
-999
-999
-999
-999
-999
-999
-999
-999
-999
-999
-999
-999
-999
-999
-999
-999
-999
-999
-999
-999
-999
-999
-999
-999
-999
-999
-999
-999
-999
-999
-999
-999
-999
-999
-999
-999
-999
-999
-999
-999
-999
-999
-999
-999
-999
-999
-999
-999
-999
-999
-999
-999
-999
-999
-999
-999
-999
-999
-999
-999
-999
-999
-999
-999
-999
-999
-999
-999
-999
-999
-999
-999
-999
-999
-999
-999
-999
-999
-999
-999
-999
25.1885
25.1949
25.1232
24.9999
24.9748
24.9324
25.0228
25.1498
25.1662
-999
-999
-999
-999
-999
-999
-999
-999
-999
-999
-999
-999
-999
-999
-999
-999
-999
-999
-999
-999
-999
-999
-999
-999
-999
-999
-999
-999
-999
-999
-999
-999
-999
-999
-999
-999
-999
-999
-999
-999
-999
-999
-999
-999
-999
-999
-999
-999
-999
-999
-999
-999
-999
-999
-999
-999
-999
-999
-999
-999
-999
-999
-999
-999
-999
-999
-999
-999
-999
-999
-999
-999
-999
-999
-999
-999
-999
-999
-999
-999
-999
-999
-999
-999
-999
-999
-999
-999
-999
-999
-999
-999
-999
-999
-999
-999
-999
-999
-999
-999
-999
-999
-999
-999
-999
-999
-999
-999
-999
-999
-999
-999
-999
25.1949
24.9547
-999
25.0551
24.9783
24.9497
25.1447
25.2265
-999
-999
-999
-999
-999
-999
-999
-999
-999
-999
-999
-999
-999
-999
-999
-999
-999
-999
-999
-999
-999
-999
-999
-999
-999
-999
-999
-999
-999
-999
-999
-999
-999
-999
-999
-999
-999
-999
-999
-999
-999
-999
-999
-999
-999
-999
-999
-999
-999
-999
-999
-999
-999
-999
-999
-999
-999
-999
-999
-999
-999
-999
-999
-999
-999
-999
-999
-999
-999
-999
-999
-999
-999
-999
-999
-999
-999
-999
-999
-999
-999
-999
-999
-999
-999
-999
-999
-999
-999
-999
-999
-999
-999
-999
-999
-999
-999
-999
-999
-999
-999
-999
-999
-999
-999
-999
-999
-999
-999
-999
-999
-999
-999
-999
-999
-999
-999
-999
25.0974
25.1964
25.1548
-999
-999
-999
-999
-999
-999
-999
-999
-999
-999
-999
-999
-999
-999
-999
-999
-999
-999
-999
-999
-999
-999
-999
-999
-999
-999
-999
-999
-999
-999
-999
-999
-999
-999
-999
-999
-999
-999
-999
-999
-999
-999
-999
-999
-999
-999
-999
-999
-999
-999
-999
-999
-999
-999
-999
-999
-999
-999
-999
-999
-999
-999
-999
-999
-999
-999
-999
-999
-999
-999
-999
-999
-999
-999
-999
-999
-999
-999
-999
-999
-999
-999
-999
-999
-999
-999
-999
-999
-999
-999
-999
-999
-999
-999
-999
-999
-999
-999
-999
-999
-999
-999
-999
-999
-999
-999
-999
-999
-999
-999
-999
-999
-999
-999
-999
-999
-999
-999
-999
-999
25.1067
-999
-999
-999
-999
-999
-999
-999
-999
-999
-999
-999
-999
-999
-999
-999
-999
-999
-999
-999
-999
-999
-999
-999
-999
-999
-999
-999
-999
-999
-999
-999
-999
-999
-999
-999
-999
-999
-999
-999
-999
-999
-999
-999
-999
-999
-999
-999
-999
-999
-999
-999
-999
-999
-999
-999
-999
-999
-999
-999
-999
-999
-999
-999
-999
-999
-999
-999
-999
-999
-999
-999
-999
-999
-999
-999
-999
-999
-999
-999
-999
-999
-999
-999
-999
-999
-999
-999
-999
-999
-999
-999
-999
-999
-999
-999
-999
-999
-999
-999
-999
-999
-999
-999
-999
-999
-999
-999
-999
-999
-999
-999
-999
-999
-999
-999
-999
-999
-999
-999
-999
-999
-999
-999
-999
-999
-999
-999
-999
-999
-999
-999
-999
-999
-999
-999
-999
-999
-999
-999
-999
-999
-999
-999
-999
-999
-999
-999
-999
-999
-999
-999
-999
-999
-999
-999
-999
-999
-999
-999
-999
-999
-999
-999
-999
-999
-999
-999
-999
-999
-999
-999
-999
-999
-999
-999
-999
-999
-999
-999
-999
-999
-999
-999
-999
-999
-999
-999
-999
-999
-999
-999
-999
-999
-999
-999
-999
-999
-999
-999
-999
-999
-999
-999
-999
-999
-999
-999
-999
-999
-999
-999
-999
-999
-999
-999
-999
-999
-999
-999
-999
-999
-999
-999
-999
-999
-999
-999
-999
-999
-999
-999
-999
-999
-999
-999
-999
-999
-999
-999
-999
-999
-999
-999
-999
-999
-999
-999
-999
-999
-999
-999
-999
-999
-999
-999
-999
-999
-999
-999
-999
-999
-999
-999
-999
-999
-999
-999
-999
-999
-999
-999
-999
-999
-999
-999
-999
-999
-999
-999
-999
-999
-999
-999
-999
-999
-999
-999
-999
-999
-999
-999
-999
-999
-999
-999
-999
-999
-999
-999
-999
-999
-999
-999
-999
-999
-999
-999
-999
-999
-999
-999
-999
-999
-999
-999
-999
-999
-999
-999
-999
-999
-999
-999
-999
-999
-999
-999
-999
-999
-999
-999
-999
-999
-999
-999
-999
-999
-999
-999
-999
-999
-999
-999
-999
-999
-999
-999
-999
-999
-999
-999
-999
-999
-999
-999
-999
-999
-999
-999
-999
-999
-999
-999
-999
-999
-999
-999
-999
-999
-999
-999
-999
-999
-999
-999
-999
-999
-999
-999
-999
-999
-999
-999
-999
-999
-999
-999
-999
-999
-999
-999
-999
-999
-999
-999
-999
-999
-999
-999
-999
-999
-999
-999
-999
-999
-999
-999
-999
-999
-999
-999
-999
-999
-999
-999
-999
-999
-999
-999
-999
-999
-999
-999
-999
-999
-999
-999
-999
-999
-999
-999
-999
-999
-999
-999
-999
-999
-999
-999
-999
-999
-999
-999
-999
-999
-999
-999
-999
-999
-999
-999
-999
-999
-999
-999
-999
-999
-999
-999
-999
-999
-999
-999
-999
-999
-999
-999
-999
-999
-999
-999
-999
-999
-999
-999
-999
-999
-999
-999
-999
-999
-999
-999
-999
-999
-999
-999
-999
-999
-999
-999
-999
-999
-999
-999
-999
-999
-999
-999
-999
-999
-999
-999
-999
-999
-999
-999
-999
-999
-999
-999
-999
-999
-999
-999
-999
-999
-999
-999
-999
-999
-999
-999
-999
-999
-999
-999
-999
-999
-999
-999
-999
-999
-999
-999
-999
-999
-999
-999
-999
-999
-999
-999
-999
-999
-999
-999
-999
-999
-999
-999
-999
-999
-999
-999
-999
-999
-999
-999
-999
-999
-999
-999
-999
-999
-999
-999
-999
-999
-999
-999
-999
-999
-999
-999
-999
-999
-999
-999
-999
-999
-999
-999
-999
-999
-999
-999
-999
-999
-999
-999
-999
-999
-999
-999
-999
-999
-999
-999
-999
-999
-999
-999
-999
-999
-999
-999
-999
-999
-999
-999
-999
-999
-999
-999
-999
-999
-999
-999
-999
-999
-999
-999
-999
-999
-999
-999
-999
-999
-999
-999
-999
-999
-999
-999
-999
-999
-999
-999
-999
-999
-999
-999
-999
-999
-999
-999
-999
-999
-999
-999
-999
-999
-999
-999
-999
-999
-999
-999
-999
-999
-999
-999
-999
-999
-999
-999
-999
-999
-999
-999
-999
-999
-999
-999
-999
-999
-999
-999
-999
-999
-999
-999
-999
-999
-999
-999
-999
-999
-999
-999
-999
-999
-999
-999
-999
-999
-999
-999
-999
-999
-999
-999
-999
-999
-999
-999
-999
-999
-999
-999
-999
-999
-999
-999
-999
-999
-999
-999
-999
-999
-999
-999
-999
-999
-999
-999
-999
-999
-999
-999
-999
-999
-999
-999
-999
-999
-999
-999
-999
-999
-999
-999
-999
-999
-999
-999
-999
-999
-999
-999
-999
-999
-999
-999
-999
-999
-999
-999
-999
-999
-999
-999
-999
-999
-999
-999
-999
-999
-999
-999
-999
-999
-999
-999
-999
-999
-999
-999
-999
-999
-999
-999
-999
-999
-999
-999
-999
-999
-999
-999
-999
-999
-999
-999
-999
-999
-999
-999
-999
-999
-999
-999
-999
-999
-999
-999
-999
-999
-999
-999
-999
-999
-999
-999
-999
-999
-999
-999
-999
-999
-999
-999
-999
-999
-999
-999
-999
-999
-999
-999
-999
-999
-999
-999
-999
-999
-999
-999
-999
-999
-999
-999
-999
-999
-999
-999
-999
-999
-999
-999
-999
-999
-999
-999
-999
-999
-999
-999
-999
-999
-999
-999
-999
-999
-999
-999
-999
-999
-999
-999
-999
-999
-999
-999
-999
-999
-999
-999
-999
-999
-999
-999
-999
-999
-999
-999
-999
-999
-999
-999
-999
-999
-999
-999
-999
-999
-999
-999
-999
-999
-999
-999
-999
-999
-999
-999
-999
-999
-999
-999
-999
-999
-999
-999
-999
-999
-999
-999
-999
-999
-999
-999
-999
-999
-999
-999
-999
-999
-999
-999
-999
-999
-999
-999
-999
-999
-999
-999
-999
-999
-999
-999
-999
-999
-999
-999
-999
-999
-999
-999
-999
-999
-999
-999
-999
-999
-999
-999
-999
-999
-999
-999
-999
-999
-999
-999
-999
-999
-999
-999
-999
-999
-999
-999
-999
-999
-999
-999
-999
-999
-999
-999
-999
-999
-999
-999
-999
-999
-999
-999
-999
-999
-999
-999
-999
-999
-999
-999
-999
-999
-999
-999
-999
-999
-999
-999
-999
-999
-999
-999
-999
-999
-999
-999
-999
-999
-999
-999
-999
-999
-999
-999
-999
-999
-999
-999
-999
-999
-999
-999
-999
-999
-999
-999
-999
-999
-999
-999
-999
-999
-999
-999
-999
-999
-999
-999
-999
-999
-999
-999
-999
-999
-999
-999
-999
-999
-999
-999
-999
-999
-999
-999
-999
-999
-999
-999
-999
-999
-999
-999
-999
-999
-999
-999
-999
-999
-999
-999
-999
-999
-999
-999
-999
-999
-999
-999
-999
-999
-999
-999
-999
-999
-999
-999
-999
-999
-999
-999
-999
-999
-999
-999
-999
-999
-999
-999
-999
-999
-999
-999
-999
-999
-999
-999
-999
-999
-999
-999
-999
-999
-999
-999
-999
-999
-999
-999
-999
-999
-999
-999
-999
-999
-999
-999
-999
-999
-999
-999
-999
-999
-999
-999
-999
-999
-999
-999
-999
-999
-999
-999
-999
-999
-999
-999
-999
-999
-999
-999
-999
-999
-999
-999
-999
-999
-999
-999
-999
-999
-999
-999
-999
-999
-999
-999
-999
-999
-999
-999
-999
-999
-999
-999
-999
-999
-999
-999
-999
-999
-999
-999
-999
-999
-999
-999
-999
-999
-999
-999
-999
-999
-999
-999
-999
-999
-999
-999
-999
-999
-999
-999
-999
-999
-999
-999
-999
-999
-999
-999
-999
-999
-999
-999
-999
-999
-999
-999
-999
-999
-999
-999
-999
-999
-999
-999
-999
-999
-999
-999
-999
-999
-999
-999
-999
-999
-999
-999
-999
-999
-999
-999
-999
-999
-999
-999
-999
-999
-999
-999
-999
-999
-999
-999
-999
-999
-999
-999
-999
-999
-999
-999
-999
-999
-999
-999
-999
-999
-999
-999
-999
-999
-999
-999
-999
-999
-999
-999
-999
-999
-999
-999
-999
-999
-999
-999
-999
-999
-999
-999
-999
-999
-999
-999
-999
-999
-999
-999
-999
-999
-999
-999
-999
-999
-999
-999
-999
-999
-999
-999
-999
-999
-999
-999
-999
-999
-999
-999
-999
-999
-999
-999
-999
-999
-999
-999
-999
-999
-999
-999
-999
-999
-999
-999
-999
-999
-999
-999
-999
-999
-999
-999
-999
-999
-999
-999
-999
-999
-999
-999
-999
-999
-999
-999
-999
-999
-999
-999
-999
-999
-999
-999
-999
-999
-999
-999
-999
-999
-999
-999
-999
-999
-999
-999
-999
-999
-999
-999
-999
-999
-999
-999
-999
-999
-999
-999
-999
-999
-999
-999
-999
-999
-999
-999
-999
-999
-999
-999
-999
-999
-999
-999
-999
-999
-999
-999
-999
-999
-999
-999
-999
-999
-999
-999
-999
-999
-999
-999
-999
-999
-999
-999
-999
-999
-999
-999
-999
-999
-999
-999
-999
-999
-999
-999
-999
-999
-999
-999
-999
-999
-999
-999
-999
-999
-999
-999
-999
-999
-999
-999
-999
-999
-999
-999
-999
-999
-999
-999
-999
-999
-999
-999
-999
-999
-999
-999
-999
-999
-999
-999
-999
-999
-999
-999
-999
-999
-999
-999
-999
-999
-999
-999
-999
-999
-999
-999
-999
-999
-999
-999
-999
-999
-999
-999
-999
-999
-999
-999
-999
-999
-999
-999
-999
-999
-999
-999
-999
-999
-999
-999
-999
-999
-999
-999
-999
-999
-999
-999
-999
-999
-999
-999
-999
-999
-999
-999
-999
-999
-999
-999
-999
-999
-999
-999
-999
-999
-999
-999
-999
-999
-999
-999
-999
-999
-999
-999
-999
-999
-999
-999
-999
-999
-999
-999
-999
-999
-999
-999
-999
-999
-999
-999
-999
-999
-999
-999
-999
-999
-999
-999
-999
-999
-999
-999
-999
-999
-999
-999
-999
-999
-999
-999
-999
-999
-999
-999
-999
-999
-999
-999
-999
-999
-999
-999
-999
-999
-999
-999
-999
-999
-999
-999
-999
-999
-999
-999
-999
-999
-999
-999
-999
-999
-999
-999
-999
-999
-999
-999
-999
-999
-999
-999
-999
-999
-999
-999
-999
-999
-999
-999
-999
-999
-999
-999
-999
-999
-999
-999
-999
-999
-999
-999
-999
-999
-999
-999
-999
-999
-999
-999
-999
-999
-999
-999
-999
-999
-999
-999
-999
-999
-999
-999
-999
-999
-999
-999
-999
-999
-999
-999
-999
-999
-999
-999
-999
-999
-999
-999
-999
-999
-999
-999
-999
-999
-999
-999
-999
-999
-999
-999
-999
-999
-999
-999
-999
-999
-999
-999
-999
-999
-999
-999
-999
-999
-999
-999
-999
-999
-999
-999
-999
-999
-999
-999
-999
-999
-999
-999
-999
-999
-999
-999
-999
-999
-999
-999
-999
-999
-999
-999
-999
-999
-999
-999
-999
-999
-999
-999
-999
-999
-999
-999
-999
-999
-999
-999
-999
-999
-999
-999
-999
-999
-999
-999
-999
-999
-999
-999
-999
-999
-999
-999
-999
-999
-999
-999
-999
-999
-999
-999
-999
-999
-999
-999
-999
-999
-999
-999
-999
-999
-999
-999
-999
-999
-999
-999
-999
-999
-999
-999
-999
-999
-999
-999
-999
-999
-999
-999
-999
-999
-999
-999
-999
-999
-999
-999
-999
-999
-999
-999
-999
-999
-999
-999
-999
-999
-999
-999
-999
-999
-999
-999
-999
-999
-999
-999
-999
-999
-999
-999
-999
-999
-999
-999
-999
-999
-999
-999
-999
-999
-999
-999
-999
-999
-999
-999
-999
-999
-999
-999
-999
-999
-999
-999
-999
-999
-999
-999
-999
-999
-999
-999
-999
-999
-999
-999
-999
-999
-999
-999
-999
-999
-999
-999
-999
-999
-999
-999
-999
-999
-999
-999
-999
-999
-999
-999
-999
-999
-999
-999
-999
-999
-999
-999
-999
-999
-999
-999
-999
-999
-999
-999
-999
-999
-999
-999
-999
-999
-999
-999
-999
-999
-999
-999
-999
-999
-999
-999
-999
-999
-999
-999
-999
-999
-999
-999
-999
-999
-999
-999
-999
-999
-999
-999
-999
-999
-999
-999
-999
-999
-999
-999
-999
-999
-999
-999
-999
-999
-999
-999
-999
-999
-999
-999
-999
-999
-999
-999
-999
-999
-999
-999
-999
-999
-999
-999
-999
-999
-999
-999
-999
-999
-999
-999
-999
-999
-999
-999
-999
-999
-999
-999
-999
-999
-999
-999
-999
-999
-999
-999
-999
-999
-999
-999
-999
-999
-999
-999
-999
-999
-999
-999
-999
-999
-999
-999
-999
-999
-999
-999
-999
-999
-999
-999
-999
-999
-999
-999
-999
-999
-999
-999
-999
-999
-999
-999
-999
-999
-999
-999
-999
-999
-999
-999
-999
-999
-999
-999
-999
-999
-999
-999
-999
-999
-999
-999
-999
-999
-999
-999
-999
-999
-999
-999
-999
-999
-999
-999
-999
-999
-999
-999
-999
-999
-999
-999
-999
-999
-999
-999
-999
-999
-999
-999
-999
-999
-999
-999
-999
-999
-999
-999
-999
-999
-999
-999
-999
-999
-999
-999
-999
-999
-999
-999
-999
-999
-999
-999
-999
-999
-999
-999
-999
-999
-999
-999
-999
-999
-999
-999
-999
-999
-999
-999
-999
-999
-999
-999
-999
-999
-999
-999
-999
-999
-999
-999
-999
-999
-999
-999
-999
-999
-999
-999
-999
-999
-999
-999
-999
-999
-999
-999
-999
-999
-999
-999
-999
-999
-999
-999
-999
-999
-999
-999
-999
-999
-999
-999
-999
-999
-999
-999
-999
-999
-999
-999
-999
-999
-999
26.9599
26.8753
-999
-999
-999
-999
-999
-999
-999
-999
-999
-999
-999
-999
-999
-999
-999
-999
-999
-999
-999
-999
-999
-999
-999
-999
-999
-999
-999
-999
-999
-999
-999
-999
-999
-999
-999
-999
-999
-999
-999
-999
-999
-999
-999
-999
-999
-999
-999
-999
-999
-999
-999
-999
-999
-999
-999
-999
-999
-999
-999
-999
-999
-999
-999
-999
-999
-999
-999
-999
-999
-999
-999
-999
-999
-999
-999
-999
-999
-999
-999
-999
-999
-999
-999
-999
-999
-999
-999
-999
-999
-999
-999
-999
-999
-999
-999
-999
-999
-999
-999
-999
-999
-999
-999
-999
-999
-999
-999
-999
-999
-999
-999
-999
-999
-999
-999
-999
-999
-999
-999
26.9169
26.8753
27.2353
27.2482
-999
27.0403
-999
-999
27.0001
26.9987
-999
-999
-999
-999
-999
-999
-999
-999
-999
-999
-999
-999
-999
-999
-999
-999
-999
-999
-999
-999
-999
-999
-999
-999
-999
-999
-999
-999
-999
-999
-999
-999
-999
-999
-999
-999
-999
-999
-999
-999
-999
-999
-999
-999
-999
-999
-999
-999
-999
-999
-999
-999
-999
-999
-999
-999
-999
-999
-999
-999
-999
-999
-999
-999
-999
-999
-999
-999
-999
-999
-999
-999
-999
-999
-999
-999
-999
-999
-999
-999
-999
-999
-999
-999
-999
-999
-999
-999
-999
-999
-999
-999
-999
-999
-999
-999
-999
-999
-999
-999
-999
-999
-999
-999
-999
-999
-999
-999
-999
-999
-999
26.625
26.9147
27.4039
27.5315
27.4899
26.7283
-999
-999
27.1737
26.8201
27.003
26.6401
-999
-999
-999
-999
-999
-999
-999
-999
-999
-999
-999
-999
-999
-999
-999
-999
-999
-999
-999
-999
-999
-999
-999
-999
-999
-999
-999
-999
-999
-999
-999
-999
-999
-999
-999
-999
-999
-999
-999
-999
-999
-999
-999
-999
-999
-999
-999
-999
-999
-999
-999
-999
-999
-999
-999
-999
-999
-999
-999
-999
-999
-999
-999
-999
-999
-999
-999
-999
-999
-999
-999
-999
-999
-999
-999
-999
-999
-999
-999
-999
-999
-999
-999
-999
-999
-999
-999
-999
-999
-999
-999
-999
-999
-999
-999
-999
-999
-999
-999
-999
-999
-999
-999
-999
-999
-999
-999
-999
-999
27.1622
27.3881
27.4985
27.6147
27.363
26.4651
-999
-999
27.1148
27.3988
27.1098
26.5547
-999
-999
-999
26.5698
26.2671
26.3998
-999
-999
26.8452
-999
-999
-999
-999
-999
-999
-999
-999
-999
-999
-999
-999
-999
-999
-999
-999
-999
-999
-999
-999
-999
-999
-999
-999
-999
-999
-999
-999
-999
-999
-999
-999
-999
-999
-999
-999
-999
-999
-999
-999
-999
-999
-999
-999
-999
-999
-999
-999
-999
-999
-999
-999
-999
-999
-999
-999
-999
-999
-999
-999
-999
-999
-999
-999
-999
-999
-999
-999
-999
-999
-999
-999
-999
-999
-999
-999
-999
-999
-999
-999
-999
-999
-999
-999
-999
-999
-999
-999
-999
-999
-999
-999
-999
-999
-999
-999
-999
-999
-999
-999
-999
27.16
-999
-999
-999
-999
27.5165
-999
27.1837
27.7323
27.571
-999
-999
-999
-999
26.5533
26.6652
26.6673
26.5662
26.6257
26.7333
26.6437
26.7577
-999
26.7147
26.8165
-999
-999
-999
-999
-999
-999
-999
-999
-999
-999
-999
-999
-999
-999
-999
-999
-999
-999
-999
-999
-999
-999
-999
-999
-999
-999
-999
-999
-999
-999
-999
-999
-999
-999
-999
-999
-999
-999
-999
-999
-999
-999
-999
-999
-999
-999
-999
-999
-999
-999
-999
-999
-999
-999
-999
-999
-999
-999
-999
-999
-999
-999
-999
-999
-999
-999
-999
-999
-999
-999
-999
-999
-999
-999
-999
-999
-999
-999
-999
-999
-999
-999
-999
-999
-999
-999
-999
-999
-999
-999
-999
-999
-999
-999
-999
-999
-999
-999
-999
-999
-999
27.6714
27.6563
27.7273
27.7323
27.4985
27.2289
-999
-999
-999
26.8552
26.8136
26.8717
26.6716
26.8502
26.7333
26.9506
26.861
26.985
26.9234
26.8681
26.7225
26.7756
-999
26.8552
26.8516
-999
-999
-999
-999
-999
-999
-999
-999
-999
-999
-999
-999
-999
-999
-999
-999
-999
-999
-999
-999
-999
-999
-999
-999
-999
-999
-999
-999
-999
-999
-999
-999
-999
-999
-999
-999
-999
-999
-999
-999
-999
-999
-999
-999
-999
-999
-999
-999
-999
-999
-999
-999
-999
-999
-999
-999
-999
-999
-999
-999
-999
-999
-999
-999
-999
-999
-999
-999
-999
-999
-999
-999
-999
-999
-999
-999
-999
-999
-999
-999
-999
-999
-999
-999
-999
-999
-999
-999
-999
-999
-999
-999
-999
-999
-999
-999
27.6714
27.7359
27.7388
27.7051
27.3479
26.9147
-999
-999
-999
26.9449
26.8839
26.9886
26.9886
27.0152
26.8036
26.9901
27.0639
26.9449
26.9427
26.7785
26.7268
26.8753
26.6365
26.7649
26.8452
26.8911
26.9398
26.9951
26.8122
26.7978
26.9076
26.8853
26.8574
-999
-999
-999
-999
-999
-999
-999
-999
-999
-999
-999
-999
-999
-999
-999
-999
-999
-999
-999
-999
-999
-999
-999
-999
-999
-999
-999
-999
-999
-999
-999
-999
-999
-999
-999
-999
-999
-999
-999
-999
-999
-999
-999
-999
-999
-999
-999
-999
-999
-999
-999
-999
-999
-999
-999
-999
-999
-999
-999
-999
-999
-999
-999
-999
-999
-999
-999
-999
-999
-999
-999
-999
-999
-999
-999
-999
-999
-999
-999
-999
-999
-999
-999
-999
-999
-999
-999
-999
27.8815
27.827
27.7639
27.7603
27.6291
27.3551
-999
-999
-999
25.92
26.9277
26.9886
27.0862
27.0532
26.9076
26.9398
27.0223
26.9614
26.899
26.7562
26.6272
26.9212
26.7276
26.7828
26.8172
26.8939
26.9226
26.98
26.8402
26.8502
26.8896
26.8602
26.7835
26.7649
26.9162
-999
27.0553
26.9549
-999
-999
-999
-999
-999
-999
-999
-999
-999
-999
-999
-999
-999
-999
-999
-999
-999
-999
-999
-999
-999
-999
-999
-999
-999
-999
-999
-999
-999
-999
-999
-999
-999
-999
-999
-999
-999
-999
-999
-999
-999
-999
-999
-999
-999
-999
-999
-999
-999
-999
-999
-999
-999
-999
-999
-999
-999
-999
-999
-999
-999
-999
-999
-999
-999
-999
-999
-999
-999
-999
-999
-999
-999
-999
-999
-999
-999
-999
-999
-999
-999
27.9547
27.8851
27.7969
27.8349
27.7323
27.6599
-999
27.2203
-999
-999
-999
26.625
27.0037
27.0417
27.079
27.0575
27.056
27.046
27.0352
26.9685
26.739
26.7562
26.554
26.8122
26.8272
26.8488
26.8237
26.9549
26.9047
26.98
26.9277
26.8373
26.8724
26.8688
26.8688
26.7362
26.881
26.8287
26.9728
26.899
27.0883
27.0553
-999
26.9528
26.9463
-999
-999
-999
-999
-999
-999
-999
-999
-999
-999
-999
-999
-999
-999
-999
-999
-999
-999
-999
-999
-999
-999
-999
-999
-999
-999
-999
-999
-999
-999
-999
-999
-999
-999
-999
-999
-999
-999
-999
-999
-999
-999
-999
-999
-999
-999
-999
-999
-999
-999
-999
-999
-999
-999
-999
-999
-999
-999
-999
-999
-999
-999
-999
-999
-999
-999
-999
-999
-999
-999
-999
-999
-999
-999
-999
-999
27.832
27.8191
27.7653
27.7388
27.4548
-999
26.6099
27.5889
27.4899
-999
-999
26.5375
27.056
27.0073
27.1048
26.9678
27.0101
27.0309
26.9936
26.8502
26.8509
26.7498
26.615
26.7534
26.8581
26.8911
26.8108
26.9592
26.9449
26.8875
26.8538
26.9327
26.8488
26.8947
26.8688
26.8552
26.9147
26.8409
26.9449
26.9226
27.0273
26.9786
27.0819
27.0603
26.9571
26.6731
26.6272
26.587
26.62
26.6035
-999
26.6178
-999
-999
-999
-999
-999
-999
-999
-999
-999
-999
-999
-999
-999
-999
-999
-999
-999
-999
-999
-999
-999
-999
-999
-999
-999
-999
-999
-999
-999
-999
-999
-999
-999
-999
-999
-999
-999
-999
-999
-999
-999
-999
-999
-999
-999
-999
-999
-999
-999
-999
-999
-999
-999
-999
-999
-999
-999
-999
-999
-999
-999
-999
-999
-999
-999
-999
-999
27.4691
27.7431
27.7352
27.8313
27.553
27.7015
27.5452
-999
27.3099
27.0797
-999
-999
-999
26.7075
27.1148
27.0517
27.041
27.0309
27.0675
27.0051
26.9936
26.9291
26.8459
26.8122
26.729
26.7512
26.8
26.9162
26.8108
26.975
26.904
26.9599
26.8301
26.9571
26.9026
26.9226
26.9549
26.9083
26.914
26.9334
26.9599
26.9714
27.1385
27.1206
27.0983
27.1787
27.1249
26.7857
26.7835
26.5999
26.729
26.7584
26.5662
26.4916
26.5583
26.5669
26.4048
26.6099
26.5103
26.5978
26.5002
26.3998
-999
-999
-999
-999
-999
-999
-999
-999
-999
-999
-999
-999
-999
-999
-999
-999
-999
-999
-999
-999
-999
-999
-999
-999
-999
-999
-999
-999
-999
-999
-999
-999
-999
-999
-999
-999
-999
-999
-999
-999
-999
-999
-999
-999
-999
-999
-999
-999
-999
-999
-999
-999
-999
-999
-999
-999
-999
27.4698
27.3572
27.1765
27.6513
27.728
27.9037
27.7137
27.7381
27.0302
27.3436
27.3687
27.0797
-999
-999
-999
27.0532
27.1679
27.0761
27.094
26.9822
27.0768
26.914
26.9528
26.9033
26.8316
26.8201
26.8516
26.8524
26.8416
26.9119
26.9112
26.9585
26.9047
26.9348
26.871
26.9714
26.9549
26.9212
26.9147
26.8939
26.8861
26.8939
26.9764
26.9714
27.2439
27.2138
27.2913
27.1399
27.1751
26.8753
26.9334
26.7519
26.8789
26.8265
26.6659
26.6365
26.5934
26.5562
26.564
26.6472
26.5576
26.5397
26.4385
-999
-999
-999
24.6198
26.3553
-999
-999
-999
-999
-999
-999
-999
-999
-999
-999
-999
-999
-999
-999
-999
-999
-999
-999
-999
-999
-999
-999
-999
-999
-999
-999
-999
-999
-999
-999
-999
-999
-999
-999
-999
-999
-999
-999
-999
-999
-999
-999
-999
-999
-999
-999
-999
-999
-999
-999
-999
-999
-999
26.8925
27.3171
27.0926
27.6699
27.7467
27.8722
27.7402
27.6326
27.4835
27.4433
27.2698
26.8
27.2698
-999
27.1901
27.0367
27.0783
27.0467
27.0474
26.9822
27.0467
26.9513
26.9198
26.8767
26.8588
26.8459
26.8552
26.8122
26.8065
26.9119
26.9714
27.0187
26.914
26.9384
26.9033
26.9714
26.9922
27.0403
26.8703
26.9112
26.9133
26.9162
26.9463
27.0001
27.2819
27.2253
27.2497
27.0991
27.1751
26.9599
27.0553
26.7907
26.9176
26.8265
26.6788
26.5526
26.5698
26.5813
26.564
26.6573
26.5741
26.5748
26.4988
-999
-999
-999
-999
26.3726
26.3596
26.3016
26.2212
26.2678
26.2162
-999
-999
26.1968
-999
26.2098
-999
-999
-999
-999
-999
-999
-999
-999
-999
-999
-999
-999
-999
-999
-999
-999
-999
-999
-999
-999
-999
-999
-999
-999
-999
-999
-999
-999
-999
-999
-999
-999
-999
-999
-999
-999
-999
-999
-999
-999
-999
-999
-999
27.1851
27.0654
27.2992
27.6477
27.6585
27.7983
27.7058
27.5631
27.4835
27.1242
27.1378
26.9499
26.8036
-999
26.9348
27.0969
27.1242
27.0826
27.0245
26.9384
27.094
26.9047
26.9341
26.8402
26.8509
26.866
26.8739
26.8122
26.9642
26.9951
26.9836
26.985
26.9822
27.0037
26.8789
27.0087
27.0539
27.0639
26.8567
26.9298
26.8889
26.8896
26.9585
27.0689
27.34
27.2497
27.1916
27.1199
27.2188
26.9262
27.1098
26.8861
26.9513
26.8739
26.8065
26.5698
26.5999
26.6386
26.5612
26.62
26.5913
26.5483
26.4249
-999
-999
-999
-999
26.3575
26.3539
26.3324
26.2449
26.2219
26.1682
26.1861
26.2298
26.1968
26.2313
26.2126
26.2585
25.9889
-999
-999
26.1273
-999
-999
-999
-999
-999
-999
-999
-999
-999
-999
-999
-999
-999
-999
-999
-999
-999
-999
-999
-999
-999
-999
-999
-999
-999
-999
-999
-999
-999
-999
-999
-999
-999
-999
-999
-999
-999
-999
26.9599
27.122
27.2174
27.6018
27.6685
27.7983
27.7302
27.5502
27.2748
26.9678
26.4349
26.9542
26.7928
27.2052
27.1328
27.1321
27.1242
27.1012
27.0144
26.97
27.0689
26.932
26.9226
26.8373
26.8932
26.8151
26.9915
26.9262
26.9642
27.0273
27.0037
26.9936
26.9814
26.9965
26.9061
26.9291
26.9972
27.0611
26.9061
26.9492
26.8889
26.9377
26.8674
27.155
27.3687
27.3113
27.2138
27.2059
27.1966
27.0058
27.1586
27.0324
26.9657
26.9212
26.9384
26.8681
26.7828
26.871
26.5583
26.5375
26.5562
26.5411
26.3898
26.5174
-999
-999
-999
26.3037
26.3059
26.3159
26.2449
26.2176
26.1187
26.1789
26.27
26.2176
26.2578
26.1847
26.2162
25.8347
25.9616
26.0964
26.1273
25.5901
25.4087
-999
25.3427
-999
25.5141
25.5213
-999
-999
-999
-999
-999
-999
-999
-999
-999
-999
-999
-999
-999
-999
-999
-999
-999
-999
-999
-999
-999
-999
-999
-999
-999
-999
-999
-999
-999
-999
-999
27.1349
-999
27.3601
27.6212
27.6678
27.751
27.7065
27.5043
27.1572
27.2597
26.7297
26.97
27.1177
27.1873
27.1701
27.1529
27.1242
27.1005
26.9936
26.9176
26.9657
26.9908
26.9764
26.8753
26.8932
26.9162
27.0467
26.9901
27.0051
26.97
27.0195
27.0438
26.9814
26.975
26.9477
26.8975
26.9693
27.0775
26.9198
27.0152
26.8753
26.9513
27.0022
27.221
27.3938
27.3113
27.3257
27.2762
27.2468
27.0697
27.1586
27.1378
27.0058
26.8753
27.0309
27.0187
27.0503
26.909
26.5655
26.5174
26.5562
26.4708
26.4464
26.2958
-999
-999
26.1997
26.265
26.1653
26.2047
26.2148
26.1301
26.0283
26.1366
26.2047
26.1961
26.189
26.166
26.204
26.0943
25.8189
26.0699
26.0197
25.6948
25.2875
25.2638
25.3039
25.5263
25.3821
25.5213
25.5363
25.4431
-999
25.4101
-999
25.0551
-999
-999
-999
-999
-999
-999
-999
-999
-999
-999
-999
-999
-999
-999
-999
-999
-999
-999
-999
-999
-999
-999
-999
-999
-999
26.5798
26.985
27.3601
27.5803
27.5724
27.7617
27.6549
27.4978
26.9951
27.2561
26.7814
26.9069
27.1191
27.2497
27.0912
27.1464
27.1392
27.0926
27.0123
26.9535
26.9649
26.97
27.0022
26.9341
26.9513
27.0331
27.1077
26.9901
27.0273
27.0453
27.046
27.0503
26.9944
26.9492
27.1134
27.0381
27.0725
27.1772
27.1141
27.249
27.0137
27.198
27.2812
27.3422
27.4275
27.3867
27.3286
27.2439
27.2382
27.1428
27.1564
27.1457
27.1335
26.8237
26.985
27.0187
27.0876
27.0001
26.5934
26.4529
26.5081
26.4665
26.3998
26.3231
-999
-999
26.1897
26.1223
26.1115
26.0477
26.1165
26.1036
26.1882
26.1301
26.0434
26.0749
26.1352
26.166
26.2384
26.1474
26.1115
26.1122
26.0807
25.74
25.3427
25.205
25.2315
25.314
25.2272
25.494
25.4861
25.5507
25.3025
25.4137
25.182
25.0952
24.9124
24.7747
-999
-999
24.4075
-999
24.467
-999
-999
-999
-999
-999
-999
-999
-999
-999
-999
-999
-999
-999
-999
-999
-999
-999
-999
-999
26.7649
27.4548
27.5911
27.6649
27.6778
27.7187
27.5717
27.1163
27.1335
26.7419
27.1062
27.2002
27.2497
27.1364
27.1292
27.1708
27.0897
27.056
27.0123
26.9728
26.9664
26.9664
26.9427
27.0976
26.9951
27.0747
27.0352
27.0632
27.0073
27.0309
27.0761
27.0073
27.036
27.2425
27.2016
27.2152
27.1772
27.2841
27.4075
27.34
27.4412
27.3859
27.429
27.411
27.4247
27.3465
27.2525
27.1765
27.1335
27.1113
27.1148
27.1607
26.8753
26.9836
27.0123
27.0819
26.9685
26.7398
26.4292
26.4278
26.4063
26.3826
26.3324
-999
-999
26.0828
26.0011
25.9688
25.8261
25.8763
26.014
26.1882
26.1997
26.1875
26.2148
26.2026
26.1897
26.1517
26.1223
26.1674
26.0728
26.0964
25.9035
25.3427
25.1878
25.5542
25.0587
25.1949
25.4101
25.537
25.5507
25.5499
25.4875
25.0149
25.096
24.8772
24.7022
24.4634
24.5122
24.406
24.4828
24.4412
24.4749
24.4878
-999
-999
-999
-999
24.32
-999
-999
-999
-999
-999
-999
-999
-999
-999
-999
-999
-999
27.34
27.5416
27.6061
27.6075
27.7036
27.7065
27.6793
27.3515
27.183
27.1586
26.7103
27.0195
27.2152
27.0991
27.145
27.0948
27.0611
27.0288
27.0051
26.9901
26.9664
26.919
26.9728
27.0532
26.9693
26.9872
26.9786
27.0474
27.0073
27.0991
27.2002
27.1141
27.2102
27.2497
27.2963
27.2561
27.3264
27.2999
27.3415
27.5028
27.5459
27.3859
27.467
27.2748
27.3773
27.3207
27.2662
27.2561
27.2181
27.0697
27.0912
26.9958
26.8803
26.9485
27.079
27.1306
26.98
26.8416
26.4672
26.2937
26.3238
26.3051
26.3037
26.1201
-999
25.9967
26.0011
25.7515
25.6016
25.646
26.0297
26.2384
26.2478
26.2341
26.2628
26.2535
26.1301
26.1337
26.1223
26.138
26.1115
26.0498
25.976
25.8117
25.6697
25.6468
25.1311
25.4051
25.6833
25.6783
25.395
25.3836
25.4725
25.035
24.9489
24.7969
24.6951
24.4813
24.5115
24.406
24.4362
24.4548
24.5086
24.495
24.439
24.5674
24.4727
24.4986
24.3365
24.4024
24.2396
-999
24.0697
-999
-999
-999
-999
-999
-999
-999
-999
27.287
27.3207
27.5308
27.4641
27.7058
27.6398
27.5954
27.4462
27.2403
27.1586
26.97
27.1299
27.1901
27.0797
27.1321
27.0453
27.0532
26.9571
26.947
26.9922
26.9327
26.9384
26.98
26.9994
26.9556
26.9843
26.9269
27.056
27.0202
27.2231
27.1737
27.2525
27.2282
27.1866
27.2798
27.292
27.2884
27.3149
27.3831
27.33
27.4978
27.439
27.3831
27.2138
27.3565
27.292
27.2662
27.2647
27.2848
27.0553
26.8172
26.9958
26.719
26.8889
27.0682
27.1701
26.98
26.8402
26.5927
26.3826
26.303
26.3051
26.3116
26.3202
-999
25.9351
25.7242
25.5349
25.5098
25.5837
26.0893
26.3353
26.3683
26.2413
26.2721
26.1976
26.1653
26.2377
26.1237
26.1782
26.0147
26.1
25.925
25.9501
25.8268
25.6468
25.2502
25.6324
25.7278
25.6747
25.4553
25.3391
25.4725
25.0687
24.9303
24.8148
24.7639
24.5029
24.4677
24.3953
24.5208
24.4634
24.5588
24.477
24.4591
24.4935
24.4591
24.2898
24.3365
24.3501
24.1923
24.2798
24.1701
-999
-999
-999
-999
-999
-999
-999
-999
27.1672
27.2769
27.4605
27.4103
27.5559
27.604
27.5236
27.4462
27.3113
27.2934
27.1557
27.1227
27.1278
27.1041
27.1378
27.1041
27.0654
26.9571
27.023
26.9485
26.8803
26.9485
26.9793
26.9556
27.0173
26.9843
27.0732
27.1959
27.1737
27.1808
27.2403
27.259
27.2181
27.1866
27.2626
27.3494
27.3422
27.363
27.4125
27.3386
27.3264
27.2891
27.3702
27.2576
27.3393
27.1973
27.2949
27.2647
27.2303
27.1328
26.7641
26.8731
26.2549
27.0001
27.074
27.1184
27.0223
26.8868
26.7964
26.4393
26.3166
26.2793
26.3439
-999
-999
25.8784
25.6403
25.4101
25.6252
25.6525
26.3388
26.5138
26.4177
26.2413
26.166
26.1725
26.2334
26.2621
26.1674
26.1423
25.991
26.0799
25.9365
25.976
25.7988
25.5485
25.3685
25.8361
25.6776
25.5428
25.3692
25.2882
25.4252
25.0809
24.9812
24.8464
24.7991
24.5939
24.4928
24.396
24.538
24.4634
24.467
24.3852
24.4462
24.4749
24.5667
24.4419
24.315
24.3114
24.1923
24.1902
-999
-999
-999
-999
-999
-999
-999
-999
27.3637
27.16
27.0883
27.3702
27.4641
27.4512
27.5882
27.5236
27.4512
27.2059
27.2762
27.2475
27.1227
27.1263
27.0897
27.084
27.0761
27.079
26.9649
27.0087
26.9183
26.8488
26.9269
26.914
26.9685
27.0481
27.1098
27.2002
27.188
27.15
27.2898
27.3494
27.2898
27.0689
27.1385
27.3702
27.3924
27.3616
27.3443
27.4125
27.391
27.3587
27.3522
27.2984
27.3027
27.2669
27.1048
27.3063
27.2511
27.2798
27.1815
27.1464
26.9764
26.455
-999
26.9771
27.0589
27.0245
27.0273
26.9097
26.5224
26.4163
26.5978
26.6472
-999
-999
25.8024
25.7522
25.6819
25.6252
25.9322
26.5447
26.5562
26.379
26.1409
26.0972
25.9824
26.1882
26.2248
26.2392
26.1875
25.991
25.9508
25.8734
25.9824
25.8677
25.7802
25.7508
25.8361
25.5923
25.2781
25.2193
25.2301
25.3914
25.139
24.9812
24.8198
24.7582
24.6097
24.6398
24.4928
24.5366
24.3974
24.2956
24.2353
24.2963
24.4218
24.4053
24.4598
24.4397
24.2597
24.188
-999
-999
-999
-999
-999
-999
-999
-999
-999
27.6169
27.1414
27.2647
27.2848
27.4641
27.4598
27.5287
27.4412
27.4663
27.4039
27.2963
27.3752
27.198
27.0639
27.036
27.084
27.1407
27.1715
26.98
26.9843
26.9327
26.8402
26.9499
26.9176
26.9599
26.9886
27.1543
27.1048
27.1665
27.1084
27.3773
27.2289
27.1693
27.0037
27.1615
27.2152
27.1299
27.3235
27.2561
27.4003
27.467
27.4519
27.3393
27.3802
27.3027
27.3372
27.2289
27.3157
27.2741
27.3142
27.1708
27.1148
27.0202
27.0352
-999
-999
27.0302
27.0589
27.1062
26.9097
26.7649
26.6802
26.8237
26.7914
-999
-999
26.7032
26.4199
26.3948
25.9738
26.4027
26.6343
26.5669
26.2951
26.1101
25.8139
25.6927
26.0082
25.91
26.1976
26.1172
26.0283
25.8526
25.9967
26.0075
25.9616
26.0247
25.8935
25.892
25.565
25.1598
25.0823
25.1225
25.2853
25.167
25.0135
24.761
24.6635
24.6176
24.619
24.5724
24.5064
24.3537
24.1952
24.2353
24.2863
24.2396
24.3135
24.3953
24.3852
24.2432
24.3551
-999
-999
-999
-999
-999
-999
-999
-999
-999
27.548
26.9922
26.9736
27.2877
27.4713
27.3192
27.5057
27.4247
27.3694
27.3357
27.4017
27.3651
27.1901
27.0976
27.0288
27.0618
27.0976
27.1364
27.0302
27.0173
26.9097
26.8502
26.7821
26.9176
26.9427
26.937
27.1349
27.1278
26.9779
27.0998
27.33
27.2289
27.1407
27.0309
27.0553
26.9886
27.0819
27.0467
27.0675
27.269
27.4024
27.4899
27.4562
27.5064
27.3773
27.3637
27.3895
27.3924
27.2949
27.3142
27.1758
27.1572
27.0847
-999
-999
-999
26.9513
26.9836
27.0173
27.0101
26.9312
26.8681
26.8832
26.8272
-999
26.7398
26.9377
26.7584
26.7082
26.4801
26.5762
26.6573
26.5167
26.3252
26.0082
25.5227
25.6927
25.8189
25.8798
26.0111
25.9659
25.9465
25.9128
25.9967
26.0391
25.925
25.8949
25.8074
25.9831
25.3348
25.1598
24.9798
25.0343
25.2172
25.1591
24.9525
24.708
24.6635
24.4813
24.3695
24.4591
24.3687
24.2439
24.1314
24.0991
24.1737
24.2396
24.2647
24.2081
24.2748
-999
-999
-999
-999
-999
-999
-999
-999
-999
-999
-999
27.6484
26.9922
26.9886
27.4447
27.3472
27.3974
27.3472
27.3386
27.1909
27.2282
27.4247
27.269
27.1234
27.145
27.0417
26.9599
27.0123
27.0553
27.036
27.0051
26.9011
26.8861
26.691
26.7735
26.7498
26.9198
27.0747
27.122
26.8853
27.0503
27.2927
27.1249
27.1672
27.0195
27.046
26.952
27.0819
27.0238
27.0661
27.1206
27.2382
27.3357
27.4261
27.4985
27.444
27.4641
27.4297
27.3809
27.2769
27.2934
27.15
27.1442
27.0919
-999
-999
26.9069
26.8366
26.9714
27.0116
26.9434
27.0137
26.9693
26.9499
26.881
26.526
26.9026
26.8889
26.914
26.8853
26.6487
26.6931
26.6573
26.4672
26.2141
25.9609
25.4976
25.3714
25.6762
25.8949
26.0477
25.9028
26.0398
26.0061
25.981
25.8698
25.6661
25.735
25.6661
25.8576
25.0909
25.0422
24.959
24.9855
25.0988
25.0099
24.9109
24.5825
24.4663
24.2052
24.1873
24.3286
24.3142
24.1486
24.1715
24.1557
24.3128
24.2325
24.1973
24.0776
24.16
-999
-999
-999
-999
-999
-999
-999
-999
-999
-999
-999
27.5301
-999
27.2124
27.3336
27.5165
27.3888
27.2009
27.216
27.0094
27.1887
27.32
27.1815
27.1234
27.0826
26.9829
27.0051
27.0202
27.046
26.9606
26.9449
26.9391
26.8832
26.8452
26.7692
26.7376
26.8538
27.0668
27.0582
26.8853
27.0037
27.1672
27.1937
27.0883
27.0166
27.0611
26.9269
27.0338
26.9764
27.074
27.0195
27.1349
27.3357
27.3859
27.444
27.4985
27.4985
27.4512
27.4024
27.2848
27.3501
27.1643
27.1593
27.0503
27.0173
-999
26.7398
-999
27.0252
27.0037
26.9427
26.9721
26.8437
26.9965
26.7935
26.8559
26.7713
26.8889
26.9793
26.9578
26.7677
26.7978
26.62
26.27
26.1732
25.9781
25.3262
25.1576
25.5629
25.8949
25.9903
25.8189
25.9136
25.6711
25.8777
25.5026
25.3613
25.5148
25.4151
25.3592
25.0278
25.0121
24.9181
24.9855
24.954
24.9798
24.7947
24.5602
24.3049
24.0869
24.1873
24.2353
24.2181
24.226
24.2784
24.013
24.1787
24.216
24.2547
24.0776
-999
-999
-999
-999
-999
-999
-999
-999
-999
-999
-999
-999
26.9112
-999
26.3948
27.2389
27.477
27.2698
27.1607
27.1012
26.8143
26.9413
27.254
27.1414
27.1371
27.0991
27.0367
27.0324
27.0567
27.0295
26.9793
26.947
26.9391
26.9305
26.8667
26.9269
26.8825
26.8983
26.9427
27.0001
26.9097
26.9872
27.0001
27.112
26.9606
26.9614
27.0259
26.8925
26.9779
26.8925
26.9499
27.0202
27.0948
27.3099
27.4663
27.4663
27.5509
27.5229
27.4512
27.3544
27.2425
27.325
27.1084
27.1593
27.0847
27.0022
-999
26.5597
-999
27.0503
27.0453
26.9112
26.7649
26.8437
26.7398
26.6408
26.734
26.6809
26.8509
27.0123
26.9951
26.8538
26.7362
26.5497
26.2227
25.9315
25.7185
25.3369
25.1469
25.4617
25.6561
25.9143
25.7637
25.6962
25.3183
25.4517
25.2659
25.3613
25.1964
25.1189
25.0307
25.0164
25.0078
24.8672
24.9167
24.9052
24.9454
24.6872
24.4942
24.117
24.0288
24.1622
24.1328
24.074
24.1701
24.211
23.9427
23.9363
24.193
24.1199
-999
-999
-999
-999
-999
-999
-999
-999
-999
-999
-999
-999
-999
27.2102
26.5153
26.8653
27.0316
27.2482
27.1529
27.1428
27.1428
27.0022
26.9413
27.1851
27.1041
27.1012
27.0654
27.0783
27.041
27.0187
27.0087
26.9728
26.9427
26.9047
26.8932
26.8653
26.9327
26.8416
26.8617
26.942
26.9442
26.8932
26.9069
26.8717
26.9556
26.9112
26.9614
26.9879
26.9714
26.9449
26.9183
27.0022
27.051
27.1407
27.2339
27.4677
27.5071
27.5502
27.5824
27.4311
27.3723
27.2511
27.2984
27.1471
27.1686
27.0352
27.0245
26.7175
26.7835
-999
26.871
26.8172
26.6013
26.5461
26.6028
26.6236
26.6702
26.6637
26.7053
26.9298
26.9951
26.9693
26.8301
26.5798
26.3769
26.1158
25.9315
25.5048
25.4531
25.1512
25.2215
25.4467
25.74
25.6339
25.5499
25.2251
25.2939
25.1569
25.2932
25.0214
25.002
25.0508
25.0128
24.926
24.7775
24.86
24.9389
24.8751
24.5961
24.3243
24.0948
24.0811
24.0209
24.0625
24.074
24.1371
24.2303
24.1263
24.0101
23.9119
-999
-999
-999
-999
-999
-999
-999
-999
-999
-999
-999
-999
-999
-999
27.15
26.4722
27.1349
27.0725
27.2131
27.1837
27.1751
27.1959
26.8896
26.9363
27.1478
27.1328
27.1313
27.0281
27.0603
27.0187
27.0324
27.0087
26.9685
26.9334
26.9334
26.9277
26.8839
26.9162
26.8753
26.8617
26.9119
26.9398
26.9011
26.904
26.8545
26.8172
26.9097
26.9097
26.985
26.9312
26.8997
26.9219
27.0022
27.0152
27.2188
27.3278
27.449
27.51
27.5251
27.5473
27.4734
27.3723
27.2884
27.2619
27.1048
27.1923
27.008
27.0101
26.7548
26.8165
26.3596
26.5913
26.3769
26.4808
26.44
26.5562
26.5432
26.5978
26.6494
26.6458
26.9061
26.8581
26.9693
26.5698
26.407
26.3302
25.9179
25.679
25.5887
25.4122
25.134
25.1641
25.2186
25.3577
25.6339
25.4976
25.1447
25.2408
25.149
25.1863
25.063
25.002
25.0199
24.865
24.8923
24.7747
24.9188
24.9059
24.8751
24.4799
24.4003
24.0797
24.1801
24.1658
23.9729
23.8775
24.0352
24.2303
24.1349
-999
-999
-999
-999
-999
-999
-999
-999
-999
-999
-999
-999
-999
-999
-999
-999
27.008
27.2525
26.8688
26.985
27.1629
27.1292
27.1751
27.1722
27.1077
27.0697
27.1672
27.0983
27.1457
27.056
27.0869
26.9657
27.0403
27.0288
26.9528
26.9205
26.9384
26.9147
26.914
26.9219
26.8229
26.8739
26.9298
26.9829
27.0015
26.9492
26.9865
26.8057
26.9241
26.9535
27.0216
26.9262
26.937
26.9477
27.018
27.0811
27.1988
27.32
27.4742
27.51
27.5502
27.5753
27.4828
27.3178
27.2619
27.1801
26.9972
27.1722
27.0352
27.0015
26.9298
26.8244
26.5181
26.0011
26.2757
26.455
26.1703
26.4342
26.4801
26.5978
26.4852
26.2112
26.701
26.5217
26.724
26.4486
26.2004
26.0807
25.7178
25.5951
25.5743
25.4122
25.1619
25.2401
25.2552
25.1949
25.2932
25.2186
24.8356
25.0623
25.0199
25.0802
24.9834
25.0099
24.7438
24.6757
24.7137
24.6986
24.8077
24.7488
24.8091
24.5911
24.4003
24.1952
24.2425
24.0976
23.8961
23.8151
23.9485
24.1335
-999
-999
-999
-999
-999
-999
-999
-999
-999
-999
-999
-999
-999
-999
-999
-999
-999
27.0022
27.2282
27.0403
26.985
27.1148
27.1163
27.1815
27.112
26.9628
27.0589
27.1026
27.1184
27.1141
27.0948
27.0869
27.046
27.0266
26.9951
27.0051
26.9513
26.9212
26.9614
26.9162
26.8552
26.8502
26.8502
26.9427
27.0711
26.9277
27.0618
26.9865
26.9693
26.9936
26.9348
26.9291
26.9549
26.9578
26.9929
27.1077
27.165
27.259
27.3365
27.4935
27.4698
27.5502
27.5875
27.5186
27.33
27.2619
27.2102
27.079
26.871
26.8925
27.0015
26.9398
26.8115
26.3274
25.9982
26.2757
26.1933
25.9731
26.176
26.2191
26.3991
26.1144
26.0412
26.2047
26.0448
26.3274
26.047
25.8885
25.7149
25.555
25.5378
25.4775
25.3369
25.1555
25.3348
25.1784
25.1103
25.0608
24.8952
24.8356
24.8987
24.8815
25.0099
24.9439
24.9583
24.6097
24.6757
24.6147
24.6198
24.6427
24.4806
24.6262
24.4326
24.5064
24.1751
24.1952
23.9262
23.838
23.7728
23.9148
-999
-999
-999
-999
-999
-999
-999
-999
-999
-999
-999
-999
-999
-999
-999
-999
-999
-999
27.1507
27.1844
27.1665
27.155
27.2647
27.3293
27.15
27.1937
27.155
27.1378
27.1672
27.2023
27.1392
27.0998
27.0919
27.018
27.0453
26.975
26.9779
26.8997
26.9026
26.8925
26.9162
26.8939
26.9793
26.9807
26.9434
27.0431
27.079
27.0438
26.9298
26.9599
27.0316
26.9291
26.9363
26.9549
26.9391
27.0897
27.1321
27.2425
27.3637
27.4311
27.5215
27.4734
27.5674
27.6111
27.571
27.2956
27.2604
27.3472
27.1758
26.7756
26.8287
26.9678
26.947
26.8
26.0627
25.8591
26.0462
26.0132
26.0211
26.0685
26.0348
26.0921
25.9537
26.0599
26.0376
25.9351
26.0548
25.9673
25.8885
25.4775
25.4983
25.4732
25.4323
25.1361
25.2459
25.2351
25.1619
24.9511
24.8048
24.7173
24.728
24.7775
24.8801
25.0027
24.7811
24.6943
24.576
24.6449
24.6535
24.4914
24.3157
24.3422
24.4527
24.2812
24.4175
24.2619
24.1952
23.7297
23.6953
23.7125
-999
-999
-999
-999
-999
-999
-999
-999
-999
-999
-999
-999
-999
-999
-999
-999
-999
-999
-999
27.1507
27.2647
27.4476
27.4591
27.4591
27.4684
27.3874
27.4196
27.3917
27.0991
27.1478
27.2023
27.1693
27.1177
27.0704
27.0539
27.0689
26.9327
26.9528
26.8911
26.8939
26.9728
26.9535
27.0259
27.084
27.0352
27.0202
27.0309
27.0388
27.0352
26.881
26.9499
26.9284
26.9449
26.9477
26.9549
27.089
27.2346
27.2626
27.3494
27.4455
27.4569
27.4777
27.5028
27.5932
27.5516
27.5373
27.2776
27.2109
27.2884
27.2418
26.8853
26.9119
26.9133
27.0022
26.8108
26.0563
25.7759
25.8691
26.0362
25.9953
26.161
26.0491
25.9917
26.0061
26.0599
26.0577
25.9932
25.9057
25.7565
25.664
25.4711
25.5177
25.4338
25.2939
25.1584
25.286
25.2351
25.1268
24.8564
24.7417
24.7546
24.7331
24.7747
24.8801
24.987
24.7309
24.5638
24.3802
24.5825
24.586
24.4914
24.2174
24.4878
24.4039
24.1816
24.3343
24.2332
24.0926
23.544
23.5418
23.5153
-999
-999
-999
-999
-999
-999
-999
-999
-999
-999
-999
-999
-999
-999
-999
-999
-999
-999
-999
27.1048
27.406
27.4612
27.4648
27.5007
27.4993
27.4383
27.5186
27.4168
27.2999
27.1607
27.1557
27.1299
27.1263
27.1048
27.0625
27.0252
26.98
26.9449
26.8911
26.9377
26.9721
27.0073
27.0775
27.1285
27.1077
27.094
27.0309
27.0159
27.0281
26.9162
26.9707
27.0051
26.9872
26.9721
26.9549
27.2152
27.3049
27.3802
27.4541
27.4455
27.4648
27.5437
27.5143
27.6563
27.5516
27.5767
27.2733
27.2353
27.1973
27.127
26.9563
26.8502
26.866
26.9685
26.8108
25.9609
25.7149
25.9114
25.8863
25.9953
26.1223
26.1517
26.1015
26.052
26.0441
25.9853
25.9042
25.7974
25.39
25.5033
25.5291
25.6016
25.4624
25.271
25.1225
25.2451
25.1677
25.0874
24.8607
24.6908
24.6908
24.6951
24.7352
24.8077
24.9131
24.6449
24.4017
24.1902
24.4878
24.571
24.4727
24.4268
24.548
24.424
24.1321
24.1966
24.0188
23.9313
23.4952
23.5418
-999
-999
-999
-999
-999
-999
-999
-999
-999
-999
-999
-999
-999
-999
-999
-999
-999
-999
-999
-999
27.2676
27.4232
27.5165
27.4455
27.51
27.5258
27.4541
27.4605
27.406
27.4153
27.34
27.1399
27.1399
27.1234
27.1012
27.074
27.0223
26.9485
27.0037
26.8724
26.899
27.0768
27.0611
27.079
27.0883
27.1177
27.1184
27.0431
27.1213
27.0108
26.9771
27.0682
27.0173
27.0897
27.079
27.155
27.3221
27.411
27.4347
27.4871
27.4993
27.5215
27.5093
27.5165
27.5738
27.5315
27.5416
27.2698
27.2741
27.216
27.127
27.0209
26.8409
26.9499
26.904
26.757
25.8842
25.8289
25.9243
25.8712
25.8913
26.1158
26.1237
26.0943
25.9831
25.925
25.839
25.7708
25.565
25.5772
25.4416
25.5083
25.6016
25.5901
25.4122
25.1533
25.276
25.276
25.1641
24.8607
24.5904
24.5588
24.6585
24.7618
24.7302
24.7603
24.6398
24.3773
24.2777
24.4433
24.604
24.6061
24.6169
24.548
24.3838
23.9729
24.0711
23.8703
23.9348
23.6049
-999
-999
-999
-999
-999
-999
-999
-999
-999
-999
-999
-999
-999
-999
-999
-999
-999
-999
-999
-999
-999
27.3128
27.4333
27.462
27.4706
27.401
27.5
27.5028
27.4182
27.406
27.467
27.4031
27.2095
27.0991
27.0661
27.1177
27.0524
27.018
26.9463
26.937
26.8703
26.9104
27.0381
27.1579
27.0661
27.0417
27.0668
27.0582
27.1127
27.1442
27.0567
27.084
27.051
27.0173
27.094
27.2425
27.358
27.335
27.4828
27.4548
27.4684
27.4978
27.4993
27.5789
27.5172
27.5157
27.4892
27.4103
27.2748
27.2461
27.079
27.1313
26.9112
26.8251
26.9097
26.9083
26.6917
26.0527
25.8634
25.9451
25.8483
25.9301
26.1137
26.034
26.0778
25.9881
25.8798
25.9028
25.7708
25.6855
25.821
25.7307
25.7551
25.631
25.5578
25.5385
25.3147
25.2114
25.2961
25.352
25.0099
24.7073
24.6097
24.6872
24.6743
24.7073
24.728
24.6398
24.3451
24.3938
24.4132
24.5215
24.6061
24.6398
24.4964
24.2999
23.8251
23.9277
23.7082
23.9678
-999
-999
-999
-999
-999
-999
-999
-999
-999
-999
-999
-999
-999
-999
-999
-999
-999
-999
-999
-999
-999
-999
27.3981
27.4118
27.5244
27.5459
27.5301
27.5258
27.5358
27.3988
27.462
27.4985
27.439
27.3436
27.2447
27.0367
27.0962
27.0187
27.018
26.9599
26.9542
26.904
26.919
26.9535
27.1313
27.0238
27.0417
27.0051
27.0101
27.0489
27.079
27.074
27.0869
27.0783
27.0467
27.2203
27.3802
27.3737
27.3809
27.4828
27.4239
27.4993
27.4928
27.4914
27.5251
27.5387
27.4512
27.4153
27.2891
27.2325
27.1952
26.97
27.0094
26.9061
26.9183
26.904
26.8904
26.8108
25.9967
25.9107
25.8476
25.8892
25.9903
26.0297
26.034
26.0907
25.9315
-999
-999
25.7773
25.8598
25.8956
25.8461
25.8999
25.6962
25.6152
25.5385
25.3993
25.3047
25.2322
25.423
25.1426
25.0623
24.9009
24.7718
24.6778
24.6219
24.642
24.6384
24.5373
24.4899
24.5258
24.4053
24.5753
24.4907
24.4663
24.226
23.8251
23.7577
-999
-999
-999
-999
-999
-999
-999
-999
-999
-999
-999
-999
-999
-999
-999
-999
-999
-999
-999
-999
-999
-999
-999
-999
27.4318
27.609
27.5789
27.4863
27.4548
27.5258
27.5373
27.4139
27.4447
27.3365
27.4433
27.4534
27.2611
27.0567
27.0517
27.0338
27.0639
26.9987
26.9642
26.9384
26.914
26.8552
27.0022
26.8839
26.9728
26.8839
26.914
27.0116
27.1134
27.0252
27.1084
27.117
27.1873
27.2934
27.3974
27.4103
27.3709
27.4354
27.3472
27.4863
27.439
27.4498
27.5251
27.4541
27.32
27.2726
27.2418
27.2325
27.0718
26.9563
26.9936
26.9312
26.9183
26.9391
26.8789
26.7663
25.9781
25.9107
25.9014
25.9401
26.1015
26.1782
26.0599
26.0943
25.8397
-999
-999
25.6798
25.7737
25.8648
25.8784
25.9136
25.7515
25.6962
25.5729
25.5499
25.5356
25.446
25.4388
25.2925
25.2179
24.9009
24.8127
24.6162
24.5782
24.6413
24.6664
24.6398
24.4899
24.3831
24.3487
24.4283
24.4247
24.5452
24.0718
23.8803
23.7218
-999
-999
-999
-999
-999
-999
-999
-999
-999
-999
-999
-999
-999
-999
-999
-999
-999
-999
-999
-999
-999
-999
-999
-999
27.4476
27.5523
27.5789
27.5272
27.434
27.5122
27.472
27.297
27.2081
27.221
27.2999
27.3501
27.2267
27.0567
26.9341
27.0732
26.9936
27.0345
26.9614
26.904
26.9226
26.8552
26.8853
26.8617
26.8567
26.8351
26.8631
26.9721
27.0976
27.0252
27.1536
27.2776
27.2403
27.396
27.4878
27.477
27.3809
27.368
27.3343
27.4548
27.3831
27.3974
27.411
27.2611
27.1801
27.1959
27.0998
27.0238
26.947
26.9384
26.914
26.8366
26.919
26.8545
26.8559
26.6802
25.9537
26.0097
26.0075
26.1072
26.1431
26.2707
25.9989
26.0132
-999
-999
-999
25.5564
25.5937
25.8648
25.8203
25.7673
25.9064
25.7321
25.6711
25.6962
25.6052
25.5535
25.4624
25.3011
25.2939
24.8808
24.7847
24.5373
24.6276
24.6025
24.5868
24.4928
24.4197
24.2232
24.3028
24.4211
24.4003
24.4275
24.0137
23.8101
-999
-999
-999
-999
-999
-999
-999
-999
-999
-999
-999
-999
-999
-999
-999
-999
-999
-999
-999
-999
-999
-999
-999
-999
-999
27.5028
27.543
27.5681
27.5867
27.4863
27.5028
27.5157
27.3386
27.2755
27.1012
27.2791
27.0596
27.4103
27.1026
27.1916
27.1227
27.0481
27.0316
26.9764
26.9499
26.9398
26.909
26.9391
26.9893
26.9499
26.932
26.9987
26.9563
27.1328
27.0603
27.1593
27.3135
27.3816
27.4239
27.4878
27.4103
27.3286
27.3479
27.34
27.4175
27.3056
27.3415
27.2282
27.1586
27.0811
27.0632
27.0037
26.98
26.9693
26.9097
26.8423
26.7727
26.8567
26.7197
26.8172
26.7864
26.0634
25.9171
25.9207
26.2227
26.1653
26.2721
26.0118
25.8469
-999
-999
25.8447
25.5141
25.2867
25.8002
25.905
25.6991
25.9035
25.788
25.6762
25.6869
25.6052
25.5901
25.4517
25.3341
25.2839
24.7861
24.7245
24.5373
24.5043
24.4311
24.4778
24.3537
24.1414
24.1844
24.3028
24.297
24.335
24.3458
24.0682
-999
-999
-999
-999
-999
-999
-999
-999
-999
-999
-999
-999
-999
-999
-999
-999
-999
-999
-999
-999
-999
-999
-999
-999
-999
-999
27.3902
27.5781
27.6183
27.4577
27.0998
27.5301
27.5408
27.3537
27.4103
27.4182
27.2791
27.3953
27.4548
27.4161
27.3314
27.2949
27.1134
27.0618
27.0152
26.9793
26.9592
26.9635
26.9908
26.975
26.9771
27.0345
27.0015
26.9606
27.1873
27.1249
27.1866
27.373
27.4103
27.4541
27.4993
27.4118
27.3824
27.3508
27.3415
27.4175
27.2533
27.2848
27.1901
27.0209
26.9822
26.9599
27.0008
26.9685
26.9807
26.9226
26.8638
26.8545
26.8323
26.6673
26.7512
26.9119
26.4342
25.7551
25.5593
26.2227
26.2851
26.1918
26.2277
26.0649
-999
-999
25.915
25.7809
25.5471
25.8318
25.7909
25.6948
25.7178
25.6683
25.7264
25.6417
25.6489
25.5528
25.4302
25.3563
25.1964
24.761
24.7431
24.5201
24.5186
24.3458
24.396
24.2848
24.1514
24.2088
24.1306
24.2024
24.1873
24.2913
23.9972
-999
-999
-999
-999
-999
-999
-999
-999
-999
-999
-999
-999
-999
-999
-999
-999
-999
-999
-999
-999
-999
-999
-999
-999
-999
-999
26.7885
27.2776
27.3486
27.3314
27.122
27.4906
27.5416
27.4928
27.2274
27.3709
27.3049
27.3601
27.3874
27.373
27.4161
27.3953
27.074
27.0532
27.0152
27.023
27.0273
27.0037
27.0352
27.0202
26.9994
26.9736
27.0015
27.0173
27.1557
27.1292
27.3587
27.2791
27.3981
27.4153
27.4361
27.3824
27.4053
27.3422
27.3709
27.378
27.2482
27.1901
27.0073
26.9442
26.9822
26.9485
26.9793
26.9463
26.9958
26.9226
26.8939
26.8
26.8473
26.7527
26.7512
26.8014
26.7304
25.7249
25.7278
26.2341
25.4725
26.2886
26.2779
26.3453
26.0147
26.1266
25.8612
25.8239
25.8583
25.9136
25.7214
25.6948
25.6819
25.6238
25.6855
25.6245
25.5901
25.5119
25.4302
25.3161
24.9999
24.8277
24.8428
24.5523
24.3852
24.3458
24.1909
24.178
24.112
24.1715
24.1184
24.0532
24.1873
24.1227
-999
-999
-999
-999
-999
-999
-999
-999
-999
-999
-999
-999
-999
-999
-999
-999
-999
-999
-999
-999
-999
-999
-999
-999
-999
-999
-999
26.8316
27.1665
27.5229
27.3013
27.3013
27.4483
27.5086
27.5287
27.5473
27.4225
27.439
27.406
27.4103
27.3902
27.4232
27.4247
27.1952
27.1973
27.0417
27.0309
27.0001
27.0338
27.018
27.056
27.0395
26.9779
27.0073
27.0403
27.1485
27.2325
27.3458
27.2791
27.3465
27.3938
27.4447
27.4003
27.4017
27.358
27.3128
27.3221
27.1378
27.0632
27.0209
26.9219
26.8717
26.9614
26.909
26.8896
27.0223
26.9427
26.8968
26.7957
26.8552
26.706
26.7211
26.7548
26.81
26.3847
26.5103
26.3439
25.21
26.3467
26.3475
26.3037
26.138
25.8992
25.8612
25.8497
25.8691
25.8691
25.6547
25.6841
25.6231
25.6468
25.6088
25.5901
25.5578
25.4029
25.3549
25.2272
25.2365
24.7768
25.0307
24.8285
24.5143
24.2102
24.2676
24.1299
24.112
24.1751
24.216
23.9298
23.9434
23.8301
-999
-999
-999
-999
-999
-999
-999
-999
-999
-999
-999
-999
-999
-999
-999
-999
-999
-999
-999
-999
-999
-999
-999
-999
-999
-999
-999
27.5803
27.3321
27.5122
27.4512
27.2913
27.5401
27.5129
27.5287
27.4763
27.411
27.4598
27.3996
27.4268
27.3867
27.3773
27.4275
27.3522
27.358
27.0625
27.0403
27.0159
27.013
27.0159
27.056
27.0367
27.0123
27.0367
27.0811
27.1313
27.2898
27.3357
27.3278
27.3307
27.3852
27.4534
27.444
27.4017
27.3809
27.3149
27.3551
27.1263
27.0862
26.9987
26.9649
26.8301
26.9119
26.8316
26.9069
26.9599
26.9728
26.8366
26.7598
26.795
26.7441
26.6731
26.6501
26.7419
26.7347
26.691
26.2449
25.3498
26.3467
26.417
26.3353
26.029
25.8469
25.8139
25.905
25.8296
25.7988
25.6374
25.7378
25.6876
25.6468
25.6016
25.5715
25.5664
25.4431
25.3871
25.4151
25.395
25.2186
25.1311
24.9647
24.86
24.2784
24.2518
24.1299
24.1873
24.3271
24.1844
23.9922
23.8
-999
-999
-999
-999
-999
-999
-999
-999
-999
-999
-999
-999
-999
-999
-999
-999
-999
-999
-999
-999
-999
-999
-999
-999
-999
-999
-999
-999
27.4419
27.3608
27.4318
27.3422
27.3092
27.4964
27.6283
27.5
27.5208
27.477
27.4283
27.4885
27.4318
27.3773
27.3737
27.4275
27.4548
27.4118
27.2848
27.2992
27.2798
27.0761
27.0324
27.0202
27.0259
27.0403
27.0374
27.0991
27.1414
27.2862
27.2841
27.259
27.1894
27.2748
27.4885
27.4813
27.3235
27.3938
27.269
27.3078
27.2303
27.0862
26.9865
26.9592
26.7742
26.8638
26.8316
26.9269
26.9126
26.8595
26.8416
26.7598
26.7519
26.6852
26.7311
26.7139
26.7419
26.7168
26.5748
26.4507
-999
26.5253
26.4866
26.3016
26.1438
26.0735
25.8433
25.882
25.8497
25.7192
25.6597
25.6962
25.5421
25.5822
25.5291
25.5499
25.5363
25.5112
25.5614
25.5507
25.395
25.2853
25.0529
24.9253
24.7302
24.505
24.2748
24.079
24.3408
24.3293
24.2468
23.8968
-999
-999
-999
-999
-999
-999
-999
-999
-999
-999
-999
-999
-999
-999
-999
-999
-999
-999
-999
-999
-999
-999
-999
-999
-999
-999
-999
-999
-999
27.2196
26.8911
-999
27.226
27.3092
27.5817
27.6484
27.5351
27.5581
27.4777
27.4655
27.4634
27.4663
27.3859
27.4247
27.4196
27.4612
27.4168
27.439
27.4031
27.2561
27.2131
27.1134
27.0187
26.9979
27.0596
27.0187
27.0811
27.1414
27.216
27.1988
27.3049
27.2023
27.3522
27.5466
27.4548
27.3702
27.3572
27.2791
27.2145
27.2124
27.1234
26.9305
26.97
26.8115
26.8595
26.7892
26.8638
26.8014
26.8681
26.7606
26.7197
26.6207
26.3812
26.648
26.6064
26.6379
26.5726
26.5597
26.379
26.3353
26.4378
26.5461
26.3611
26.1811
25.9688
25.943
25.7199
25.8497
25.788
25.5908
25.6848
25.5112
25.4754
25.3592
25.3405
25.4832
25.4381
25.499
25.4395
25.3922
25.2609
24.9504
24.8629
24.8342
24.5559
24.4691
24.2834
24.4935
24.3293
24.2332
-999
-999
-999
-999
-999
-999
-999
-999
-999
-999
-999
-999
-999
-999
-999
-999
-999
-999
-999
-999
-999
-999
-999
-999
-999
-999
-999
-999
-999
-999
27.0503
27.1485
-999
27.1141
27.254
27.5925
27.6183
27.5595
27.5875
27.5079
27.5021
27.4333
27.4663
27.4376
27.4483
27.4333
27.4663
27.3673
27.4175
27.3594
27.2561
27.236
27.16
27.0905
27.0783
27.0481
27.0453
27.0983
27.0632
27.0933
27.0553
27.1586
27.1693
27.4369
27.5093
27.4684
27.4247
27.3802
27.3178
27.2253
27.1808
27.1801
26.9757
26.8947
26.8918
26.8337
26.8179
26.8452
26.7448
26.7828
26.3008
26.3432
26.0498
26.204
26.5016
26.648
26.5554
26.4486
26.4349
26.4034
26.4249
26.2614
26.5196
26.3611
26.019
25.882
26.1266
25.8576
25.882
25.6977
25.575
25.6489
25.6152
25.4273
25.3133
25.3405
25.2437
25.3133
25.3714
25.3642
25.3441
25.2753
24.9504
24.9791
24.8349
24.6097
24.5029
24.515
24.3508
24.1816
24.0367
-999
-999
-999
-999
-999
-999
-999
-999
-999
-999
-999
-999
-999
-999
-999
-999
-999
-999
-999
-999
-999
-999
-999
-999
-999
-999
-999
-999
-999
-999
27.1428
27.1485
27.4749
27.2246
27.2418
27.5839
27.6097
27.5624
27.6341
27.586
27.5129
27.5236
27.4899
27.4698
27.4799
27.4311
27.444
27.3752
27.2855
27.2913
27.3572
27.2654
27.1944
27.094
27.0862
27.0912
27.0388
27.1256
27.0467
27.0453
27.0632
27.0725
27.2568
27.4369
27.5495
27.5
27.3953
27.3601
27.33
27.1866
27.0582
27.1177
27.0223
26.9018
26.9083
26.8402
26.8423
26.8301
26.701
26.5418
26.0749
25.8038
25.9487
26.1961
26.493
26.6386
26.4808
26.4636
26.4349
26.3847
26.44
26.209
26.5038
26.4314
26.1509
26.1588
26.2377
25.8612
25.7572
25.7214
25.6367
25.5743
25.5349
25.5435
25.2279
25.2021
25.106
25.1921
25.1519
25.1275
25.2731
25.1784
25.1125
24.8507
24.5731
24.5753
24.3372
24.3967
24.2647
24.1464
23.8452
-999
-999
-999
-999
-999
-999
-999
-999
-999
-999
-999
-999
-999
-999
-999
-999
-999
-999
-999
-999
-999
-999
-999
-999
-999
-999
-999
-999
-999
-999
27.1442
27.0288
27.449
27.4698
27.5889
27.604
27.6527
27.6664
27.6269
27.586
27.5229
27.5172
27.5911
27.5107
27.5394
27.4964
27.4863
27.3981
27.3788
27.3515
27.3422
27.2855
27.221
27.1557
27.036
27.0912
27.2396
27.1536
27.0611
27.0819
27.1249
27.1901
27.4734
27.5444
27.5602
27.4261
27.4103
27.3637
27.33
27.0252
26.7814
27.0682
27.089
26.9018
26.8617
26.7713
26.7261
26.7928
26.701
26.3482
26.3453
26.2693
26.3188
26.1961
26.6637
26.6781
26.5203
26.4579
26.4708
26.4005
26.336
26.3582
26.5088
26.4328
26.3819
26.2635
26.1459
25.7723
25.7264
25.75
25.6367
25.5098
25.4517
25.504
25.0967
25.0034
25.0529
25.1921
24.9662
24.8177
24.8923
24.7582
24.9038
24.4268
24.5731
24.3436
23.9958
24.0869
24.0532
24.0216
-999
-999
-999
-999
-999
-999
-999
-999
-999
-999
-999
-999
-999
-999
-999
-999
-999
-999
-999
-999
-999
-999
-999
-999
-999
-999
-999
-999
-999
-999
-999
27.1442
27.2475
27.2511
27.5746
27.5538
27.6054
27.6298
27.6707
27.5982
27.5279
27.5545
27.5738
27.581
27.4512
27.5408
27.4541
27.4397
27.3981
27.4046
27.3773
27.3113
27.2877
27.2124
27.2475
27.2038
27.2174
27.2411
27.2188
27.1098
27.117
27.226
27.2834
27.467
27.5989
27.5846
27.4297
27.4239
27.3838
27.2533
26.8559
26.7541
26.8459
26.9406
26.9614
26.9757
26.8696
26.8423
26.8466
26.6989
26.6817
26.7347
26.6221
26.4142
26.3926
26.795
26.696
26.5052
26.4328
26.3876
26.2069
26.0929
26.2384
26.3252
26.4428
26.3747
26.2635
25.9967
25.8218
25.6898
25.7637
25.669
25.6425
25.5012
25.3334
24.8686
24.9411
25.0242
25.0257
24.67
24.8385
24.6635
24.1873
24.2927
23.9313
24.1536
23.9972
23.5433
23.7677
23.8473
23.9348
-999
-999
-999
-999
-999
-999
-999
-999
-999
-999
-999
-999
-999
-999
-999
-999
-999
-999
-999
-999
-999
-999
-999
-999
-999
-999
-999
-999
-999
-999
-999
27.1873
27.2755
27.4347
27.5903
27.5236
27.5674
27.6119
27.6556
27.5982
27.5954
27.6441
27.5487
27.5925
27.5523
27.5631
27.4376
27.5122
27.4562
27.4749
27.3752
27.34
27.2052
27.2038
27.1808
27.2102
27.2231
27.2289
27.2253
27.1084
27.2117
27.226
27.4189
27.5452
27.6448
27.5889
27.4397
27.472
27.3953
27.0962
26.7261
26.8208
26.795
26.876
27.0073
26.9549
26.7469
26.8237
26.8043
26.8538
26.899
26.9212
26.8186
26.8122
26.7928
26.8437
26.7297
26.478
26.3962
26.3302
26.128
26.0929
25.9523
26.1445
26.3324
25.9939
25.9788
25.8978
25.8081
25.6597
25.6826
25.6618
25.7264
25.5012
25.1842
24.9518
24.9497
24.964
24.7065
24.7553
24.8385
24.6649
24.3816
23.9169
24.2332
23.8961
23.6279
23.5433
23.4737
23.516
23.6802
-999
-999
-999
-999
-999
-999
-999
-999
-999
-999
-999
-999
-999
-999
-999
-999
-999
-999
-999
-999
-999
-999
-999
-999
-999
-999
-999
-999
-999
-999
-999
27.2891
27.4247
27.4698
27.5236
27.5753
27.6362
27.6119
27.6843
27.6757
27.6255
27.69
27.4698
27.5244
27.5337
27.5208
27.4742
27.5408
27.5337
27.4813
27.3988
27.3386
27.2181
27.2038
27.2038
27.2877
27.2353
27.2927
27.1866
27.1722
27.3651
27.406
27.5344
27.6721
27.6714
27.5946
27.4397
27.3967
27.3515
27.0797
26.7634
26.8947
26.8574
26.8968
26.9449
26.9578
26.9198
26.6809
26.6523
26.7398
26.8222
26.9563
27.0281
27.0338
26.8896
26.8158
26.7297
26.4565
26.4658
26.3324
26.1022
25.9616
25.7508
25.8533
26.0441
25.9673
25.8547
25.9279
25.778
25.7364
25.6948
25.7271
25.7888
25.7558
25.2989
24.8277
24.9497
25.045
24.9561
24.8528
24.8363
24.7159
24.6176
24.2217
24.5351
24.2088
23.6143
23.3927
23.3475
23.2965
-999
-999
-999
-999
-999
-999
-999
-999
-999
-999
-999
-999
-999
-999
-999
-999
-999
-999
-999
-999
-999
-999
-999
-999
-999
-999
-999
-999
-999
-999
-999
-999
27.3824
27.3967
27.4849
27.5903
27.5939
27.6119
27.6183
27.6477
27.6448
27.6656
27.5638
27.5258
27.5107
27.4985
27.5208
27.5509
27.553
27.5172
27.5093
27.4498
27.3479
27.2052
27.2482
27.292
27.3673
27.3128
27.2332
27.236
27.2776
27.4627
27.4412
27.6047
27.685
27.6829
27.642
27.4627
27.4031
27.2891
27.107
26.8366
26.8947
26.909
26.9485
26.8703
26.8753
26.9198
26.8021
26.7347
26.5899
26.7627
26.9563
27.0682
26.97
26.9348
26.6781
26.686
26.5533
26.5081
26.28
26.1194
25.9702
25.7916
25.7988
26.0247
25.9193
25.9408
25.9272
25.778
25.7579
25.6812
25.7759
25.8088
25.8239
25.5256
24.9862
25.0092
25.1031
25.0063
24.8643
24.7847
24.6642
24.713
24.4383
24.6248
24.3716
23.8538
23.5052
23.1187
23.2965
-999
-999
-999
-999
-999
-999
-999
-999
-999
-999
-999
-999
-999
-999
-999
-999
-999
-999
-999
-999
-999
-999
-999
-999
-999
-999
-999
-999
-999
-999
-999
-999
27.4498
27.4835
27.5523
27.5903
27.5803
27.6248
27.6391
27.5968
27.5602
27.5573
27.467
27.4785
27.4412
27.4584
27.5215
27.5523
27.5975
27.5365
27.5408
27.4512
27.4082
27.1988
27.2877
27.3063
27.3443
27.2698
27.1937
27.236
27.4247
27.5236
27.5495
27.6879
27.6707
27.6979
27.566
27.5208
27.3673
27.1005
26.8932
26.8739
26.9814
26.9664
26.9872
26.8416
26.9205
26.942
26.8502
26.8552
26.7254
26.7878
26.9886
26.9442
26.8136
26.7634
26.4651
26.5698
26.4113
26.3934
26.28
26.0462
26.1273
25.9853
25.7988
26.0147
25.9394
25.9035
25.8167
25.8325
25.7888
25.7615
25.74
25.7601
25.7364
25.3398
24.9862
25.134
25.1024
25.0034
24.8428
24.7661
24.7747
24.713
24.6384
24.6449
24.4211
23.9664
23.5167
23.1467
23.0176
-999
-999
-999
-999
-999
-999
-999
-999
-999
-999
-999
-999
-999
-999
-999
-999
-999
-999
-999
-999
-999
-999
-999
-999
-999
-999
-999
-999
-999
-999
-999
-999
27.4842
27.5867
27.6047
27.5817
27.5466
27.5688
27.5724
27.548
27.515
27.5
27.5301
27.4785
27.3953
27.4713
27.5315
27.5573
27.6255
27.6047
27.571
27.4512
27.4168
27.2676
27.2755
27.3321
27.3479
27.2698
27.3472
27.3379
27.477
27.581
27.6664
27.7051
27.6707
27.6843
27.5301
27.4813
27.4039
27.0352
26.8832
26.9671
26.9793
26.9664
26.9571
26.8588
26.9205
26.8889
26.8201
26.7935
26.8208
26.8703
27.008
26.8947
26.7828
26.5978
26.3575
26.4299
26.3905
26.3934
26.0986
25.8669
26.0986
25.9387
25.9114
26.0348
25.9917
25.7328
25.7687
25.8641
25.7816
25.6819
25.7371
25.6948
25.5126
25.2236
25.0988
25.248
25.1003
25.0329
24.9181
24.7811
24.8363
24.7051
24.7187
24.5982
24.3236
23.9908
23.6602
23.2643
23.0075
-999
-999
-999
-999
-999
-999
-999
-999
-999
-999
-999
-999
-999
-999
-999
-999
-999
-999
-999
-999
-999
-999
-999
-999
-999
-999
-999
-999
-999
-999
-999
-999
27.4842
27.5272
27.6298
27.6133
27.5882
27.5961
27.5774
27.614
27.5437
27.5172
27.482
27.5215
27.391
27.4297
27.5222
27.571
27.6126
27.609
27.5114
27.4584
27.4268
27.2425
27.2633
27.3092
27.3415
27.2762
27.4835
27.4949
27.5516
27.6341
27.6398
27.7101
27.7417
27.642
27.5473
27.4871
27.4075
27.0352
26.9657
26.9614
26.9814
26.9678
26.8918
26.9908
26.9908
26.8473
26.8681
26.8416
26.8524
26.9377
26.9736
26.9133
26.7828
26.4916
26.3324
26.3037
26.3553
26.4342
26.0613
26.1266
26.0864
25.9709
26.1093
26.0219
25.8512
25.6912
25.5772
25.659
25.7271
25.6819
25.6984
25.6317
25.2337
24.9963
25.1304
25.3642
25.1003
25.0372
25.0881
24.9324
24.9898
24.8378
24.8285
24.5982
24.1493
24.0008
23.6451
23.3224
23.0018
-999
-999
-999
-999
-999
-999
-999
-999
-999
-999
-999
-999
-999
-999
-999
-999
-999
-999
-999
-999
-999
-999
-999
-999
-999
-999
-999
-999
-999
-999
-999
-999
27.4856
27.5573
27.614
27.5781
27.5703
27.6133
27.5989
27.5832
27.5423
27.4878
27.449
27.4232
27.4039
27.4347
27.4663
27.5064
27.5624
27.5731
27.4763
27.3902
27.4075
27.2841
27.3386
27.3537
27.3415
27.4634
27.5774
27.5997
27.637
27.6255
27.6843
27.7625
27.7539
27.6362
27.515
27.5487
27.3867
27.2239
27.0732
26.8818
27.0166
26.9133
26.8918
27.0123
27.0309
26.9112
26.9219
26.8416
26.876
26.9327
26.9606
26.8294
26.8387
26.6774
26.3353
26.3001
26.3812
26.4285
26.2004
26.3166
26.1137
25.8913
25.915
25.8741
25.8512
25.6503
25.6159
25.6123
25.7092
25.6432
25.5951
25.5629
25.2918
25.2107
25.1641
25.4036
25.1483
25.0788
25.0651
25.0558
25.0271
24.9647
24.7324
24.51
24.1751
23.9449
23.5562
23.2693
23.0534
-999
-999
-999
-999
-999
-999
-999
-999
-999
-999
-999
-999
-999
-999
-999
-999
-999
-999
-999
-999
-999
-999
-999
-999
-999
-999
-999
-999
-999
-999
-999
-999
27.5036
27.6212
27.6334
27.5839
27.5954
27.5896
27.6205
27.5796
27.5423
27.4856
27.3967
27.4168
27.4311
27.4584
27.4462
27.4562
27.5624
27.472
27.4046
27.434
27.3716
27.3522
27.3594
27.515
27.4828
27.4677
27.5911
27.6176
27.604
27.6032
27.68
27.7668
27.7732
27.5968
27.5165
27.5193
27.4326
27.2927
26.9649
26.8947
26.914
26.8093
26.8237
26.9442
26.8093
26.9434
26.9327
26.8387
26.942
26.9147
26.8932
26.7082
26.7469
26.5813
26.3618
26.3166
26.3525
26.3776
26.4292
26.3166
26.057
25.5557
25.6202
25.5363
25.5629
25.527
25.4452
25.5557
25.631
25.4861
25.5105
25.5629
25.4782
25.4789
25.4187
25.3169
25.1949
25.0106
25.0651
24.9575
24.8521
24.9002
24.6585
24.4993
24.3738
23.9449
23.3955
23.2299
22.9752
-999
-999
-999
-999
-999
-999
-999
-999
-999
-999
-999
-999
-999
-999
-999
-999
-999
-999
-999
-999
-999
-999
-999
-999
-999
-999
-999
-999
-999
-999
-999
-999
27.4942
27.5674
27.609
27.5602
27.5502
27.5287
27.5652
27.462
27.5839
27.5365
27.4899
27.4641
27.4218
27.4175
27.4433
27.5036
27.4871
27.4412
27.3816
27.3802
27.34
27.4627
27.5157
27.5208
27.5703
27.5803
27.5215
27.6484
27.5703
27.6032
27.7151
27.6915
27.723
27.6456
27.515
27.4749
27.3501
27.2662
27.642
26.9915
26.904
26.9011
26.762
26.8789
26.7792
26.7283
26.9355
26.9427
26.9857
26.8803
26.7986
26.729
26.6501
26.5468
26.3618
26.2886
26.351
26.4034
26.3051
26.1976
25.9006
25.5793
25.347
25.3929
25.4001
25.3671
25.3448
25.418
25.5069
25.5421
25.5865
25.5514
25.5492
25.451
25.4567
25.3269
25.2659
24.9941
24.9482
24.8528
24.6793
24.7883
24.5997
24.5115
24.0259
23.7061
23.2248
23.1624
23.0247
-999
-999
-999
-999
-999
-999
-999
-999
-999
-999
-999
-999
-999
-999
-999
-999
-999
-999
-999
-999
-999
-999
-999
-999
-999
-999
-999
-999
-999
-999
-999
-999
27.5143
27.5961
27.6075
27.5581
27.5674
27.5287
27.4369
27.3673
27.4713
27.4548
27.5157
27.467
27.4483
27.482
27.406
27.4326
27.4749
27.3967
27.3278
27.4103
27.3207
27.4627
27.5753
27.5071
27.4835
27.5322
27.5667
27.5028
27.5107
27.6068
27.609
27.5717
27.6434
27.6169
27.515
27.5136
27.5114
27.2841
26.9764
26.9915
27.0725
27.0532
26.904
27.0073
26.7792
26.7727
26.7297
26.9585
26.9585
26.8803
26.9348
26.8179
26.6852
26.5475
26.4679
26.298
26.2176
26.3123
26.1509
26.0706
25.5915
25.3943
25.0938
25.2423
25.2387
25.2616
25.3448
25.324
25.2573
25.4668
25.352
25.446
25.4087
25.2602
25.347
25.2373
25.2351
24.9862
24.926
24.6829
24.434
24.566
24.4204
24.4103
23.8101
23.5375
23.1847
23.1624
22.8784
22.5801
-999
-999
-999
-999
-999
-999
-999
-999
-999
-999
-999
-999
-999
-999
-999
-999
-999
-999
-999
-999
-999
-999
-999
-999
-999
-999
-999
-999
-999
-999
-999
27.5244
27.5308
27.6025
27.5581
27.4949
27.5186
27.5143
27.4118
27.391
27.434
27.4648
27.5122
27.5201
27.482
27.4548
27.4548
27.4031
27.3659
27.3594
27.3106
27.4498
27.5172
27.5559
27.5308
27.4863
27.5064
27.5624
27.5595
27.5186
27.6298
27.6355
27.5989
27.5954
27.586
27.482
27.5867
27.4648
27.107
27.1048
27.145
27.0933
27.0711
27.013
26.9707
26.8437
26.7749
26.658
26.6774
26.8072
26.9563
26.8896
26.8165
26.6666
26.5712
26.4443
26.2528
26.1538
26.1194
25.9831
25.7443
25.5801
25.3943
25.3556
25.2215
25.2286
25.2401
25.2559
25.1842
25.1175
25.2286
25.1648
25.2889
25.1175
25.2602
25.1763
25.1376
25.2064
25.1383
25.0307
24.5502
24.434
24.3422
24.1263
24.0862
23.6351
23.4113
23.1294
23.0807
22.7931
22.5686
-999
-999
-999
-999
-999
-999
-999
-999
-999
-999
-999
-999
-999
-999
-999
-999
-999
-999
-999
-999
-999
-999
-999
-999
-999
-999
-999
-999
-999
-999
-999
27.5287
27.5839
27.6025
27.6348
27.6592
27.5351
27.5308
27.3988
27.3494
27.3616
27.4082
27.4684
27.4548
27.5157
27.4591
27.4799
27.3752
27.4498
27.4634
27.4075
27.5186
27.4985
27.4993
27.5222
27.5172
27.5322
27.5624
27.4935
27.5287
27.5695
27.6025
27.5824
27.5975
27.5495
27.5394
27.586
27.5602
27.0453
27.117
27.1586
26.9305
26.9908
27.0166
26.7785
26.7613
26.6279
26.6064
26.6021
26.6465
26.9076
26.8495
26.8115
26.6852
26.4665
26.445
26.2349
26.1101
26.1223
25.9006
25.6389
25.4825
25.4072
25.3133
25.2989
25.3147
25.276
25.1964
25.1634
25.1153
25.134
25.0666
25.0996
24.9791
25.0788
25.0006
24.8865
25.0615
24.9253
24.8844
24.4613
24.2375
24.1349
23.9585
23.8222
23.6114
23.2908
23.0441
23.0369
22.7622
22.5686
-999
-999
-999
-999
-999
-999
-999
-999
-999
-999
-999
-999
-999
-999
-999
-999
-999
-999
-999
-999
-999
-999
-999
-999
-999
-999
-999
-999
-999
-999
-999
27.4835
27.5652
27.5781
27.6133
27.6183
27.6248
27.4949
27.5903
27.4663
27.4634
27.4082
27.4139
27.5
27.449
27.4706
27.4906
27.4569
27.4756
27.4634
27.5079
27.4476
27.4311
27.5265
27.6018
27.5667
27.6298
27.6119
27.6212
27.6312
27.581
27.637
27.5824
27.5997
27.5172
27.5408
27.6126
27.5538
27.1737
27.0503
26.9155
26.549
26.7785
26.8552
26.6587
26.5992
26.5734
26.6178
26.6013
26.6257
26.691
26.7398
26.8115
26.5504
26.3059
26.3833
26.1689
26.1101
25.9709
25.5944
25.608
25.4567
25.3642
25.2882
25.2222
25.3075
25.2043
25.1806
25.1878
25.1153
25.0486
24.9812
24.9059
24.8543
24.9116
24.8622
24.8865
24.8708
24.8213
24.7582
24.3594
24.1522
24.0238
23.9585
23.8079
23.5791
23.3009
23.1008
22.9752
22.8139
22.522
22.4001
-999
-999
-999
-999
-999
-999
-999
-999
-999
-999
-999
-999
-999
-999
-999
-999
-999
-999
-999
-999
-999
-999
-999
-999
-999
-999
-999
-999
-999
-999
27.5107
27.5545
27.5853
27.6097
27.6907
27.5968
27.6262
27.6542
27.566
27.5408
27.5272
27.5681
27.5803
27.5365
27.5487
27.5408
27.4139
27.4311
27.4641
27.4175
27.3515
27.477
27.4792
27.5122
27.6219
27.6527
27.6334
27.6491
27.7388
27.7166
27.7632
27.6692
27.5408
27.5466
27.6255
27.6384
27.5538
27.4663
27.1851
26.729
26.7032
26.7785
26.6623
26.5562
26.6415
26.6343
26.6178
26.63
26.6214
26.6114
26.5927
26.6279
26.3496
26.1875
26.2298
26.0369
26.0226
25.8383
25.6195
25.522
25.4323
25.3585
25.2387
25.2222
25.1247
25.1576
25.1476
25.1261
25.0701
25.0099
24.8794
24.8392
24.7137
24.822
24.7288
24.713
24.7108
24.5932
24.5911
24.2683
24.2188
24.0152
23.8158
23.6874
23.5605
23.3991
23.133
23.0219
22.834
22.5421
22.39
-999
-999
-999
-999
-999
-999
-999
-999
-999
-999
-999
-999
-999
-999
-999
-999
-999
-999
-999
-999
-999
-999
-999
-999
-999
-999
-999
-999
-999
-999
27.5803
27.5667
27.5832
27.6527
27.7036
27.7015
27.6943
27.6391
27.6233
27.6513
27.5703
27.5573
27.642
27.6226
27.6707
27.6298
27.4835
27.5193
27.4067
27.3931
27.3515
27.4541
27.4526
27.5122
27.5853
27.6355
27.7108
27.652
27.6742
27.7632
27.7682
27.6628
27.5208
27.571
27.5889
27.5609
27.5903
27.5251
27.3623
26.9198
27.036
26.8853
26.6974
26.4579
26.6838
26.7297
26.6078
26.6329
26.6372
26.5963
26.5648
26.4263
26.3152
26.0369
26.029
25.768
25.7716
25.707
25.6539
25.4933
25.5464
25.3549
25.2616
25.2093
25.2121
25.1677
25.1541
25.0393
24.9547
24.9827
24.8794
24.7324
24.6449
24.723
24.6398
24.6305
24.5509
24.5932
24.4139
24.2547
24.2282
24.0403
23.7799
23.4981
23.5605
23.3267
23.0972
23.0298
22.8397
22.5786
22.2186
-999
-999
-999
-999
-999
-999
-999
-999
-999
-999
-999
-999
-999
-999
-999
-999
-999
-999
-999
-999
-999
-999
-999
-999
-999
-999
-999
-999
-999
-999
27.5631
27.6133
27.6147
27.7022
27.8241
27.8162
27.779
27.6391
27.6606
27.6886
27.5287
27.5538
27.609
27.6879
27.7302
27.6298
27.5753
27.5624
27.4878
27.4505
27.3852
27.3766
27.4017
27.3558
27.4297
27.5186
27.5437
27.5337
27.6742
27.7173
27.718
27.6649
27.576
27.6427
27.5523
27.5394
27.5459
27.4985
27.4899
27.3422
27.3824
26.9592
26.7935
26.5633
26.4672
26.8394
26.6544
26.5576
26.5827
26.5877
26.5468
26.3855
26.1904
25.8512
25.8483
25.6798
25.7873
25.6274
25.6539
25.4997
25.4094
25.3075
25.258
25.2523
25.1863
25.0608
25.0228
25.0207
25.0436
24.9281
24.7582
24.6714
24.5423
24.6111
24.5531
24.5
24.4232
24.4878
24.3458
24.1407
24.1866
24.0309
23.8402
23.4622
23.4249
23.3159
23.1237
22.9731
22.8411
22.6288
22.3133
-999
-999
-999
-999
-999
-999
-999
-999
-999
-999
-999
-999
-999
-999
-999
-999
-999
-999
-999
-999
-999
-999
-999
-999
-999
-999
-999
-999
-999
-999
27.5918
27.5265
27.6262
27.6986
27.7417
27.8134
27.7954
27.7101
27.6664
27.7044
27.6484
27.6362
27.7338
27.718
27.7065
27.6886
27.6319
27.6628
27.5846
27.5079
27.4813
27.3924
27.3938
27.4268
27.3501
27.4326
27.5143
27.5401
27.6283
27.6929
27.6986
27.647
27.5767
27.6427
27.5064
27.4577
27.472
27.3874
27.4476
27.4627
27.4433
27.2662
27.0618
26.7512
26.4636
26.7333
26.8316
26.6752
26.5827
26.5203
26.3898
26.3238
26.0756
25.8512
25.7508
25.6417
25.6697
25.6109
25.565
25.4424
25.4639
25.3463
25.3448
25.2251
25.1548
25.0608
25.0658
24.9626
24.9238
24.7869
24.6951
24.5961
24.4412
24.4684
24.4469
24.3472
24.401
24.3981
24.2934
24.0453
24.0137
23.9363
23.8344
23.4959
23.3102
23.2047
23.1237
23.024
22.8555
22.6016
22.3664
22.0881
-999
-999
-999
-999
-999
-999
-999
-999
-999
-999
-999
-999
-999
-999
-999
-999
-999
-999
-999
-999
-999
-999
-999
-999
-999
-999
-999
-999
-999
27.5265
27.5609
27.675
27.6649
27.7417
27.7452
27.756
27.7474
27.7158
27.8084
27.6549
27.7589
27.8026
27.7574
27.7711
27.7567
27.6427
27.7194
27.695
27.642
27.4813
27.3802
27.3386
27.3766
27.472
27.411
27.4211
27.4512
27.6061
27.7115
27.7266
27.6527
27.5961
27.6183
27.5903
27.5258
27.4978
27.4354
27.4476
27.4749
27.434
27.2913
27.1622
26.7512
26.6164
26.6099
26.8617
26.8688
26.5024
26.2234
26.1509
26.199
25.9329
25.8763
25.7651
25.6152
25.7049
25.5557
25.6209
25.5478
25.5557
25.4589
25.3922
25.3075
25.0752
25.0207
24.9999
24.8428
24.8794
24.6649
24.5366
24.4706
24.4412
24.4118
24.3903
24.3644
24.3537
24.3365
24.2396
24.0453
23.9442
23.8739
23.838
23.5476
23.2865
23.1847
23.1316
23.0011
22.9021
22.517
22.3613
22.1577
22.1548
-999
-999
-999
-999
-999
-999
-999
-999
-999
-999
-999
-999
-999
-999
-999
-999
-999
-999
-999
-999
-999
-999
-999
-999
-999
-999
-999
-999
27.5365
27.6083
27.6262
27.6628
27.6491
27.6843
27.6312
27.7768
27.7962
27.7711
27.7639
27.8062
27.8026
27.8851
27.8966
27.832
27.7567
27.7553
27.6958
27.728
27.5789
27.5394
27.6047
27.5272
27.5932
27.5258
27.3816
27.5473
27.5817
27.6993
27.8141
27.6484
27.6226
27.5272
27.5703
27.5122
27.4899
27.472
27.4777
27.4347
27.3565
27.3608
27.2368
26.9506
26.7025
26.6695
26.9147
26.9485
26.625
26.402
26.1552
26.0756
26.1366
25.8289
25.8397
25.7249
25.6511
25.6518
25.5793
25.522
25.5557
25.5048
25.4617
25.3068
25.0508
24.9948
24.9109
24.7739
24.7101
24.5387
24.5072
24.4111
24.401
24.3745
24.3515
24.3357
24.3501
24.3099
24.2777
24.0969
23.7964
23.8359
23.6257
23.445
23.2951
23.1273
23.1467
22.9064
22.9021
22.6496
22.3599
22.3334
22.1376
-999
-999
-999
-999
-999
-999
-999
-999
-999
-999
-999
-999
-999
-999
-999
-999
-999
-999
-999
-999
-999
-999
-999
-999
-999
-999
-999
-999
27.6606
27.6083
27.6169
27.6692
27.7101
27.6735
27.751
27.7797
27.8837
27.9683
27.8916
27.9733
27.9303
28.0572
27.9733
27.8951
27.8786
27.8148
27.87
27.8406
27.708
27.6405
27.7374
27.7402
27.6735
27.5258
27.5652
27.6061
27.581
27.6872
27.6893
27.746
27.5903
27.5946
27.6283
27.5824
27.4684
27.5437
27.4878
27.4318
27.3178
27.2719
27.226
26.9814
26.668
26.7311
26.9779
26.9556
26.6458
26.521
26.3575
26.2607
26.2686
25.9939
25.8583
25.7249
25.7214
25.6668
25.6231
25.6503
25.5679
25.5334
25.4675
25.3728
25.0615
24.8607
24.8005
24.7739
24.6133
24.477
24.4641
24.3745
24.3716
24.3472
24.3515
24.3831
24.3343
24.3207
24.2992
23.9757
23.6989
23.8359
23.5719
23.4364
23.3023
23.1452
23.0792
22.9207
22.8426
22.6174
22.418
22.3047
22.1447
-999
-999
-999
-999
-999
-999
-999
-999
-999
-999
-999
-999
-999
-999
-999
-999
-999
-999
-999
-999
-999
-999
-999
-999
-999
-999
-999
-999
27.7323
27.6226
27.5573
27.6068
27.6958
27.7388
27.893
27.9963
28.0895
27.9683
28.0802
28.1232
28.0572
28.1153
28.116
27.9769
27.931
27.8148
27.7582
27.9167
27.7625
27.7352
27.8277
27.799
27.7739
27.6212
27.6678
27.7424
27.6126
27.6707
27.6893
27.6814
27.6262
27.6312
27.6499
27.5824
27.5129
27.4684
27.4727
27.3981
27.3644
27.2353
27.2841
27.0481
26.8086
26.7311
27.0209
26.9736
26.6322
26.4952
26.3575
26.2865
26.2736
25.9946
26.0649
25.8218
25.8246
25.7687
25.6597
25.6661
25.6539
25.5514
25.4675
25.2767
25.0242
24.865
24.685
24.6327
24.538
24.4627
24.3322
24.2913
24.4039
24.3343
24.3881
24.2769
24.2024
24.2153
24.1321
24.0976
23.8624
23.5798
23.6996
23.4974
23.4687
23.1409
23.057
22.8648
22.8232
22.5155
22.418
22.2609
22.1569
-999
-999
-999
-999
-999
-999
-999
-999
-999
-999
-999
-999
-999
-999
-999
-999
-999
-999
-999
-999
-999
-999
-999
-999
-999
-999
-999
-999
27.7495
27.6032
27.5186
27.5028
27.6864
27.784
27.898
28.0128
28.0522
28.0536
28.1928
28.154
28.1562
28.1691
28.1641
28.111
28.0278
27.898
27.9138
27.9812
27.8708
27.7797
27.8564
27.9059
27.9461
27.8736
27.865
27.6922
27.6857
27.652
27.6549
27.6133
27.6018
27.6642
27.6032
27.538
27.5007
27.4318
27.4706
27.4347
27.3644
27.307
27.2482
27.1421
27.1113
26.8896
27.112
26.8402
26.6372
26.5267
26.3424
26.341
26.3553
26.1445
26.2664
26.0068
25.9473
25.8691
25.7371
25.7364
25.6618
25.5356
25.3886
25.2365
25.1483
24.8148
24.751
24.5832
24.457
24.4627
24.3508
24.3099
24.2647
24.3271
24.2777
24.1995
24.2024
24.1486
24.0668
24.1206
23.8165
23.5583
23.5483
23.4974
23.4658
23.3575
23.0405
22.8899
22.7852
22.4711
22.3757
22.2903
22.1569
22.2272
22.1899
-999
-999
-999
-999
-999
-999
-999
-999
-999
-999
-999
-999
-999
-999
-999
-999
-999
-999
-999
-999
-999
-999
-999
-999
-999
-999
27.7947
27.5616
27.5322
27.5301
27.6133
27.8306
27.9841
28.0744
28.0601
28.1297
28.1885
28.1375
28.1404
28.149
28.1325
28.1892
28.04
27.9848
27.9719
28.0049
27.8923
27.817
27.8564
27.9446
27.8829
27.865
27.7452
27.7065
27.6943
27.6097
27.637
27.6154
27.6083
27.619
27.5609
27.5244
27.477
27.4512
27.4885
27.4655
27.3852
27.264
27.3106
27.1923
27.1643
27.0682
26.9893
26.7211
26.6264
26.4895
26.5038
26.4364
26.4349
26.3962
26.4228
26.095
25.9559
25.8691
25.8117
25.7414
25.6532
25.5399
25.3735
25.2767
25.1447
25.0178
24.7237
24.6162
24.4763
24.4376
24.3401
24.3501
24.2977
24.2619
24.2153
24.2067
24.1672
24.1407
24.1048
24.1321
23.8904
23.6537
23.45
23.5418
23.331
23.1682
23.0965
22.9193
22.8211
22.5033
22.3176
22.2222
22.1397
22.1935
22.195
-999
-999
-999
-999
-999
-999
-999
-999
-999
-999
-999
-999
-999
-999
-999
-999
-999
-999
-999
-999
-999
-999
-999
-999
-999
-999
27.7739
27.5538
27.4849
27.5459
27.5803
27.7288
27.9841
27.9984
28.0171
28.1089
28.1225
28.0708
28.1203
28.0651
28.1325
28.1949
28.1454
28.0773
28.0859
28.007
27.898
27.8392
27.908
27.8413
27.7919
27.7933
27.7474
27.7065
27.6463
27.5796
27.6111
27.642
27.6707
27.6427
27.5301
27.5452
27.4053
27.3221
27.4426
27.3221
27.3831
27.4024
27.3185
27.2619
27.1944
27.0926
26.8832
26.7814
26.6028
26.511
26.4981
26.374
26.4349
26.6415
26.5597
26.2442
26.0175
25.8849
25.8253
25.8612
25.6769
25.5406
25.3699
25.2286
25.1447
24.9719
24.7166
24.5674
24.5136
24.4161
24.4082
24.3193
24.3458
24.2246
24.1801
24.1141
24.1357
24.1314
24.0776
24.0489
23.8466
23.5425
23.4299
23.4213
23.2951
23.1682
23.0936
23.0606
22.7049
22.3656
22.2351
22.1634
22.1067
22.1067
22.195
21.9253
-999
-999
-999
-999
-999
-999
-999
-999
-999
-999
-999
-999
-999
-999
-999
-999
-999
-999
-999
-999
-999
-999
-999
-999
-999
27.8442
27.6735
27.5559
27.5975
27.6298
27.6348
27.9762
27.9948
28.03
28.1117
28.1713
28.0522
28.0393
28.1182
28.1225
28.1741
28.1555
28.1203
28.1103
28.0594
27.9095
27.8284
27.888
27.7503
27.7424
27.7539
27.6477
27.6233
27.5746
27.5631
27.6176
27.5373
27.6707
27.5509
27.5193
27.5473
27.4161
27.3221
27.2461
27.2124
27.3422
27.3623
27.3185
27.1844
26.9585
26.9047
26.7606
26.7814
26.7233
26.6558
26.4414
26.5016
26.5318
26.5712
26.4098
26.2076
26.0089
25.9358
25.8669
25.8339
25.7493
25.494
25.3441
25.1942
25.1792
24.9733
24.6556
24.5122
24.5158
24.4942
24.429
24.3193
24.2002
24.193
24.145
24.0632
24.1672
24.0747
24.0776
23.985
23.8839
23.5024
23.3001
23.2951
23.2578
23.2119
23.0957
22.9394
22.8419
22.3793
22.1699
22.124
22.0881
22.068
22.1103
22.0472
-999
-999
-999
-999
-999
-999
-999
-999
-999
-999
-999
-999
-999
-999
-999
-999
-999
-999
-999
-999
-999
-999
-999
-999
-999
27.8299
27.7338
27.7668
27.5975
27.6664
27.6764
27.7754
27.8327
27.9762
28.1175
28.1254
28.096
28.0845
28.1254
28.1727
28.1913
28.1203
28.1332
28.0974
28.0594
27.8916
27.7718
27.7574
27.7417
27.6291
27.6197
27.6291
27.6298
27.5602
27.4569
27.5201
27.4541
27.4971
27.5351
27.3953
27.4089
27.3809
27.3056
27.2332
27.1507
27.2984
27.2877
27.2454
27.0697
26.8151
26.81
26.8301
26.7598
26.8036
26.8007
26.6365
26.6372
26.6652
26.554
26.4048
26.1574
26.0477
25.9014
25.8311
25.8339
25.6841
25.4165
25.2487
25.0415
25.0293
24.7661
24.6599
24.571
24.5107
24.495
24.4096
24.325
24.2461
24.2117
24.1192
24.0761
24.1077
24.0431
24.069
23.9743
23.8215
23.6293
23.4572
23.3991
23.27
23.2786
23.0828
22.9394
22.9229
22.5607
22.1799
22.1534
22.1318
22.0694
22.0702
22.0013
-999
-999
-999
-999
-999
-999
-999
-999
-999
-999
-999
-999
-999
-999
-999
-999
-999
-999
-999
-999
-999
-999
-999
-999
-999
27.7352
27.8069
27.7381
27.7209
27.6656
27.6226
27.68
27.7424
28.0214
28.1254
28.0866
28.096
28.1375
28.1512
28.1612
28.1906
28.1784
28.1031
28.1297
28.0816
27.8844
27.7395
27.7144
27.6707
27.6262
27.6642
27.6061
27.6413
27.4591
27.4655
27.4799
27.4519
27.5157
27.449
27.3838
27.3924
27.2662
27.1572
27.2138
27.1737
27.1378
27.2274
27.259
26.9664
26.5841
26.6006
26.7577
26.8452
26.7892
26.7885
26.7168
26.5303
26.6307
26.5203
26.4048
26.2973
26.1137
25.9078
25.9659
25.8562
25.6568
25.3477
25.177
25.0207
24.9002
24.741
24.6599
24.5351
24.4856
24.4778
24.3795
24.3135
24.2396
24.2117
24.1314
24.0496
24.127
24.0647
24.0489
23.876
23.8215
23.577
23.3869
23.4063
23.3166
23.2607
23.1524
22.9559
22.7859
22.5607
22.1763
22.0924
22.0666
22.0293
22.0759
22.0752
-999
-999
-999
-999
-999
-999
-999
-999
-999
-999
-999
-999
-999
-999
-999
-999
-999
-999
-999
-999
-999
-999
-999
-999
-999
27.8614
27.7625
27.7847
27.685
27.6283
27.6326
27.6377
28.0364
28.1254
28.1648
28.1254
28.1397
28.1885
28.1877
28.1763
28.225
28.1641
28.205
28.1569
28.0622
27.8277
27.8277
27.7954
27.5989
27.6262
27.6162
27.4541
27.5114
27.4275
27.4239
27.439
27.4978
27.4978
27.4218
27.4412
27.3587
27.3286
27.117
27.1909
27.2289
27.107
27.1514
27.2038
26.97
26.6293
26.5827
26.7821
26.8423
26.7656
26.7885
26.6135
26.351
26.4127
26.4378
26.5354
26.4306
26.1445
25.9293
25.9214
25.7493
25.5528
25.2609
25.1541
24.9274
24.8005
24.619
24.6155
24.462
24.4577
24.3343
24.3164
24.358
24.1672
24.1507
24.1299
24.0797
24.0589
23.9707
23.9829
23.8588
23.6128
23.5992
23.4665
23.2858
23.3862
23.1832
23.0936
22.9293
22.6267
22.6002
22.2401
22.1053
22.0716
22.0494
22.0573
22.0974
22.1498
-999
-999
-999
-999
-999
-999
-999
-999
-999
-999
-999
-999
-999
-999
-999
-999
-999
-999
-999
-999
-999
-999
-999
-999
27.8614
27.9647
27.9303
27.6348
27.7001
27.6628
27.6578
28.0307
28.1254
28.1548
28.1089
28.22
28.2322
28.2207
28.2035
28.215
28.1641
28.1548
28.1777
28.0802
27.8428
27.8076
27.8127
27.6613
27.5495
27.515
27.4426
27.4125
27.3802
27.4239
27.4326
27.4412
27.5201
27.4641
27.4412
27.4082
27.4397
27.2547
27.1837
27.2289
27.1278
27.2152
27.2138
27.0991
26.6293
26.6709
26.8581
26.8222
26.8029
26.6472
26.5282
26.4751
26.0412
26.1517
26.4608
26.3525
26.1316
26.0319
25.877
25.6432
25.4237
25.2609
25.1175
24.9246
24.7775
24.6348
24.5681
24.4433
24.4577
24.3616
24.2303
24.2468
24.1084
24.0804
24.0525
24.0797
23.9707
23.8617
23.8825
23.6028
23.3984
23.3855
23.4665
23.2141
23.3087
23.222
23.1216
22.9925
22.7838
22.5837
22.3829
22.1053
22.0716
22.058
22.0214
21.9583
22.172
22.0565
-999
-999
-999
-999
-999
-999
-999
-999
-999
-999
-999
-999
-999
-999
-999
-999
-999
-999
-999
-999
-999
-999
-999
27.9848
28.1949
28.0622
27.9131
27.8535
27.7696
27.7897
27.9547
28.1497
28.0931
28.0615
28.1619
28.2014
28.2286
28.1992
28.2509
28.2258
28.2215
28.3003
28.0601
27.8413
27.7833
27.7668
27.7087
27.5265
27.5143
27.4067
27.3709
27.3092
27.3192
27.4168
27.4311
27.4749
27.4534
27.4196
27.4297
27.3917
27.2741
27.1249
27.1478
27.1048
27.2353
27.2303
27.127
26.7699
26.7778
26.9112
26.7548
26.7649
26.6874
26.4973
26.5074
26.1287
25.849
26.2614
26.1667
26.1316
25.9365
25.702
25.5076
25.2286
25.1512
24.964
24.8213
24.7596
24.5423
24.5351
24.4089
24.391
24.3085
24.1988
24.1242
24.0374
24.0417
24.0589
24.0345
23.9485
23.8402
23.7627
23.5239
23.3977
23.2248
23.341
23.2894
23.1746
23.2456
23.1259
22.9286
22.7952
22.5478
22.4524
22.1828
22.1577
22.2968
22.0286
22.0623
22.0867
22.0515
-999
-999
-999
-999
-999
-999
-999
-999
-999
-999
-999
-999
-999
-999
-999
-999
-999
-999
-999
-999
-999
-999
-999
28.045
28.1447
28.1139
28.0149
27.9561
27.7467
27.8535
28.045
28.1182
28.0716
28.0752
28.1426
28.1626
28.1476
28.1863
28.2336
28.3047
28.2659
28.2207
28.078
27.8098
27.7833
27.7926
27.7503
27.5918
27.5437
27.4462
27.3027
27.1801
27.2862
27.2791
27.3393
27.4196
27.4031
27.4153
27.4103
27.3594
27.2224
27.2074
27.2088
27.2647
27.2059
27.198
27.1407
27.0195
26.8753
26.9112
26.7541
26.7355
26.8065
26.6723
26.6609
26.1438
25.8641
26.1122
26.0054
25.9616
25.7694
25.5908
25.4259
25.1182
25.0199
24.8787
24.8213
24.6377
24.5559
24.434
24.3609
24.3465
24.2296
24.1091
24.0661
23.9628
24.0008
23.9657
24.0417
23.9678
23.8861
23.6939
23.4615
23.3152
23.1983
23.2363
23.2169
23.1746
23.1997
23.1424
22.9631
22.8426
22.6102
22.479
22.3248
22.2143
22.2968
22.2172
22.2064
22.0078
22.0422
-999
-999
-999
-999
-999
-999
-999
-999
-999
-999
-999
-999
-999
-999
-999
-999
-999
-999
-999
-999
-999
-999
-999
-999
28.1375
28.1124
28.1619
28.1053
27.7467
27.9353
28.0952
28.1899
28.0551
28.0572
28.1132
28.1318
28.1476
28.1641
28.1555
28.2559
28.2408
28.1756
28.0293
27.9511
27.779
27.7883
27.6427
27.7682
27.7467
27.4462
27.5803
27.3788
26.9628
26.9678
27.2411
27.4383
27.4268
27.363
27.3981
27.3802
27.2088
27.1787
27.1995
27.1851
27.1034
27.1199
27.0847
26.9951
26.9872
26.9112
26.8194
26.7491
26.7311
26.6888
26.6609
26.1129
25.915
26.029
25.8949
25.7787
25.6317
25.3879
25.2824
25.1447
25.0106
24.8701
24.7252
24.6484
24.4505
24.3888
24.363
24.3178
24.2253
24.1091
23.9513
23.8897
23.9384
23.9148
23.9793
23.9377
23.8861
23.729
23.5282
23.2607
23.1115
23.1969
23.2449
23.1861
23.2801
23.1424
22.948
22.8411
22.6812
22.5987
22.408
22.3642
22.309
22.3864
22.2064
22.1677
22.0981
22.0824
-999
-999
-999
-999
-999
-999
-999
-999
-999
-999
-999
-999
-999
-999
-999
-999
-999
-999
-999
-999
-999
-999
