26.095
26.1208
26.1316
26.1832
26.1639
26.1825
26.2234
26.2176
26.2686
26.2306
26.1847
26.2026
26.2478
26.2973
26.3969
26.3417
26.313
26.3001
26.2721
26.3969
26.3611
26.4263
26.3137
26.3618
26.3231
26.2958
26.2528
26.1617
26.2262
26.2234
26.2808
26.199
26.2449
26.2219
26.2291
26.2363
26.2772
26.2542
26.2241
26.26
26.1753
26.1861
26.1775
26.1696
26.1803
26.3008
26.3051
26.4321
26.3919
26.4242
26.44
26.2915
26.3453
26.2765
26.3259
26.3862
26.3388
26.4077
26.3934
26.3969
26.3288
26.2635
26.2098
26.1796
26.0125
25.9982
25.9803
25.9078
25.7909
25.7421
25.527
25.4768
25.5629
25.5837
25.5937
25.3097
25.4316
25.5966
25.6331
25.6496
25.5772
25.6977
25.6016
25.6088
25.4696
25.4409
25.4165
25.3477
25.4252
25.2932
25.2523
25.4517
25.4273
25.4503
25.5012
25.3628
25.0802
25.0537
24.9511
24.8966
24.9956
25.0113
24.8507
24.9152
24.7804
24.7847
24.7711
24.8134
24.974
24.9697
24.8571
24.9375
24.9755
24.9934
25.1067
25.1074
25.0823
25.0407
25.0587
24.9769
24.9109
26.1818
26.1402
26.1445
26.3109
26.2377
26.2607
26.2234
26.2714
26.2815
26.2678
26.2291
26.2427
26.2772
26.2987
26.2958
26.3353
26.3209
26.374
26.3331
26.3259
26.3482
26.3446
26.3302
26.3618
26.2564
26.2851
26.2377
26.2047
26.2148
26.2026
26.232
26.1968
26.26
26.2105
26.2334
26.2571
26.2298
26.2607
26.2427
26.1811
26.2076
26.2614
26.1775
26.318
26.2356
26.3302
26.374
26.5339
26.4479
26.3202
26.3245
26.3295
26.4199
26.3066
26.4048
26.3862
26.4536
26.3847
26.4055
26.4407
26.4106
26.3367
26.2628
26.1732
26.0312
26.0957
25.9573
25.8318
25.7902
25.6704
25.4969
25.428
25.5399
25.5198
25.3929
25.3649
25.4682
25.5449
25.6281
25.6625
25.5499
25.5758
25.5765
25.4546
25.4015
25.4775
25.3957
25.3147
25.3577
25.3384
25.2523
25.3484
25.423
25.3714
25.3757
25.2236
24.9977
25.0085
24.9984
24.9339
24.9303
25.0135
24.8901
24.8313
24.642
24.7675
24.7826
24.8973
24.9748
24.9697
24.8277
24.9561
24.9669
24.9999
25.0866
25.0874
25.1139
25.1103
25.1261
25.0558
25.0372
26.275
26.232
26.1803
26.3109
26.2607
26.1968
26.1861
26.275
26.3094
26.2499
26.3001
26.2241
26.2822
26.2808
26.3123
26.341
26.369
26.3353
26.3503
26.3718
26.3482
26.3202
26.2693
26.2671
26.2643
26.2793
26.2363
26.2965
26.2843
26.2241
26.2965
26.1968
26.2815
26.232
26.3016
26.2736
26.3252
26.2384
26.2643
26.2356
26.1172
26.1789
26.2191
26.2858
26.3582
26.4242
26.3926
26.4708
26.4629
26.3991
26.3998
26.3912
26.4694
26.4321
26.5181
26.4514
26.4428
26.4428
26.4601
26.45
26.4106
26.3546
26.2119
26.1847
26.0929
26.0477
25.9222
25.7629
25.7185
25.6547
25.4718
25.4997
25.4503
25.4151
25.4173
25.4352
25.499
25.4574
25.5822
25.5593
25.6382
25.5198
25.5872
25.5112
25.451
25.4775
25.3972
25.395
25.3154
25.3635
25.2322
25.3269
25.4244
25.4553
25.375
25.1447
24.9733
25.0085
25.0415
24.9073
24.9518
24.8801
24.8249
24.6821
24.6599
24.6986
24.5681
24.8256
24.9038
25.0013
24.9662
24.8873
24.9891
25.0343
25.0859
25.0164
25.1411
24.9999
25.1261
25.0766
25.0752
26.275
26.2743
26.2384
26.3417
26.2951
26.189
26.1696
26.2714
26.2678
26.2872
26.3331
26.2951
26.2886
26.2958
26.2822
26.3016
26.369
26.3553
26.4292
26.3883
26.3733
26.3417
26.3331
26.3209
26.247
26.2284
26.2033
26.2858
26.2542
26.2886
26.2951
26.2492
26.2678
26.3611
26.3482
26.3195
26.3116
26.2334
26.2678
26.2356
26.2736
26.2492
26.1388
26.2779
26.2635
26.3632
26.3941
26.4708
26.4292
26.4722
26.3977
26.4278
26.5282
26.5275
26.5404
26.5181
26.5447
26.4737
26.4536
26.3962
26.4342
26.3353
26.2557
26.1423
26.0455
26.0477
25.8318
25.735
25.6597
25.5048
25.4718
25.5205
25.5528
25.4151
25.418
25.4352
25.4732
25.466
25.5822
25.5442
25.6382
25.5442
25.5507
25.4201
25.375
25.4395
25.4703
25.3814
25.2903
25.2996
25.1318
25.3025
25.4244
25.4201
25.3147
25.068
24.9984
24.9676
24.9324
24.8385
24.761
24.6413
24.6986
24.6807
24.6599
24.6298
24.67
24.6628
24.6068
24.9776
24.936
24.8873
24.9497
25.0164
25.0415
24.9913
25.0644
24.9224
25.1089
24.9432
24.8973
26.265
26.3066
26.3059
26.3439
26.2585
26.2499
26.1624
26.2119
26.1782
26.2643
26.2858
26.3302
26.2994
26.336
26.3568
26.2693
26.2478
26.3553
26.3962
26.3833
26.3575
26.3259
26.2886
26.3094
26.2514
26.1502
26.1882
26.2836
26.2542
26.2858
26.2765
26.3475
26.3001
26.2528
26.3546
26.2356
26.3467
26.2879
26.3525
26.275
26.3661
26.3345
26.4012
26.3632
26.3252
26.3367
26.3733
26.4529
26.417
26.5318
26.4385
26.5511
26.5282
26.5009
26.422
26.4722
26.5389
26.4242
26.4228
26.402
26.44
26.3546
26.2427
26.0914
26.1187
26.0412
25.8081
25.6661
25.5801
25.5327
25.4567
25.5349
25.5528
25.4861
25.3477
25.4194
25.4589
25.5736
25.5951
25.5428
25.6009
25.5894
25.6166
25.4603
25.4567
25.4589
25.4495
25.494
25.3714
25.3161
25.1928
25.1799
25.3384
25.3678
25.182
25.0034
25.0185
24.9454
24.9152
24.8385
24.6535
24.5947
24.6836
24.6327
24.6377
24.6685
24.6692
24.6341
24.5896
24.7897
24.9052
24.8944
24.8091
25.0164
25.002
24.987
24.893
24.8363
24.8744
24.7732
24.8973
26.3073
26.2657
26.4177
26.3747
26.3059
26.2098
26.0835
26.1739
26.138
26.166
26.2169
26.3324
26.3561
26.374
26.3568
26.2549
26.227
26.26
26.3008
26.3396
26.3697
26.3231
26.3769
26.3145
26.2514
26.1567
26.0054
26.2506
26.2815
26.346
26.2851
26.3037
26.2313
26.3647
26.3317
26.3338
26.3467
26.3639
26.318
26.3059
26.2729
26.2141
26.369
26.2829
26.3252
26.2334
26.2793
26.3876
26.5239
26.6049
26.5038
26.4428
26.3812
26.3747
26.3424
26.3941
26.4658
26.4242
26.4758
26.4228
26.4235
26.2879
26.1753
26.0699
26.1187
26.0391
25.7601
25.712
25.5722
25.5184
25.433
25.5327
25.423
25.2781
25.1031
25.0981
25.2358
25.4983
25.6539
25.5786
25.608
25.5715
25.6166
25.5184
25.5442
25.4381
25.4897
25.494
25.4424
25.2767
25.1813
25.149
25.2265
25.3133
25.0924
25.0142
24.9862
24.964
24.8787
24.713
24.6958
24.6513
24.6305
24.4942
24.5939
24.5595
24.6692
24.6879
24.6649
24.6398
24.7912
24.9726
24.8349
25.0135
24.9124
24.8614
24.8471
24.8378
24.69
24.7359
24.8736
26.204
26.379
26.4328
26.412
26.3338
26.2922
26.0929
26.1639
26.1309
26.1997
26.2227
26.3324
26.3345
26.3317
26.3252
26.341
26.2571
26.2384
26.227
26.3489
26.3618
26.3173
26.2743
26.2628
26.2851
26.1567
26.1115
26.2958
26.2643
26.3059
26.2643
26.2678
26.2635
26.379
26.369
26.412
26.3668
26.3374
26.2169
26.199
26.118
26.1122
26.2721
26.1696
26.3051
26.2915
26.4479
26.4644
26.582
26.5612
26.5181
26.4149
26.3231
26.3611
26.3202
26.3453
26.379
26.4371
26.445
26.3252
26.3926
26.2291
26.1753
26.0728
26.0878
25.8669
25.7572
25.712
25.484
25.4861
25.5112
25.5557
25.423
25.0909
24.903
25.1885
25.3298
25.4983
25.6238
25.6453
25.6159
25.5736
25.5442
25.4237
25.527
25.4309
25.4847
25.5213
25.4474
25.3728
25.1677
25.144
25.0443
25.0522
25.0924
24.9633
24.9454
24.8751
24.7904
24.7202
24.7309
24.7094
24.6764
24.5817
24.5581
24.571
24.5703
24.6635
24.614
24.6241
24.5882
24.9619
24.9317
24.86
24.8285
24.8614
24.7589
24.7711
24.7381
24.7811
24.7861
26.247
26.3984
26.3797
26.3432
26.4177
26.3761
26.1839
26.1811
26.1653
26.1796
26.156
26.2621
26.346
26.412
26.3338
26.2793
26.2944
26.2241
26.2478
26.27
26.3503
26.3087
26.3231
26.247
26.2686
26.209
26.2736
26.3697
26.2549
26.3087
26.2112
26.2707
26.3145
26.379
26.3568
26.2284
26.2944
26.1423
26.0764
26.0957
26.0046
26.0025
26.1108
26.1416
26.2664
26.3202
26.4644
26.5669
26.5798
26.5612
26.493
26.4751
26.3883
26.3912
26.3338
26.3632
26.3123
26.4414
26.4428
26.4098
26.3639
26.2191
26.1466
26.1137
26.0548
25.9222
25.7837
25.6568
25.5679
25.4481
25.4266
25.4216
25.3606
25.1082
25.2121
25.1964
25.385
25.5966
25.6511
25.7099
25.6152
25.5994
25.6166
25.4818
25.4818
25.4675
25.4632
25.4775
25.466
25.3728
25.2035
25.1512
25.0529
25.0422
24.9862
24.9332
24.9281
24.9059
24.7639
24.7302
24.6994
24.7094
24.7216
24.6915
24.5251
24.5502
24.6563
24.6219
24.614
24.5904
24.6348
24.9439
24.9253
24.9382
24.8607
24.8593
24.8263
24.9525
24.7783
24.8937
24.8779
26.3173
26.4271
26.3769
26.3439
26.3683
26.4701
26.3016
26.3066
26.1653
26.3331
26.1581
26.26
26.3001
26.4256
26.2973
26.3008
26.2592
26.2449
26.3102
26.3683
26.3812
26.3532
26.3231
26.2499
26.2721
26.2306
26.3776
26.2815
26.3059
26.2635
26.2915
26.3797
26.3883
26.4407
26.2557
25.9501
26.0505
25.9731
25.8755
26.0011
25.9401
26.0025
26.1947
26.1753
26.1818
26.2528
26.4328
26.5504
26.6716
26.5533
26.4672
26.4808
26.4479
26.5002
26.3338
26.3661
26.3051
26.4048
26.3324
26.3797
26.379
26.2463
26.1689
26.1029
25.9731
25.7945
25.7192
25.6217
25.5973
25.5442
25.3993
25.4345
25.3083
25.2645
25.3061
25.3957
25.4997
25.6123
25.6382
25.6568
25.6432
25.6353
25.5492
25.4553
25.4818
25.4603
25.446
25.4223
25.4553
25.3305
25.276
25.1117
25.0357
25.025
25.0135
24.9439
24.9281
25.0149
24.8306
24.741
24.6341
24.7151
24.6406
24.6233
24.6291
24.5581
24.7273
24.6972
24.6513
24.5846
24.7001
24.7402
24.888
24.8959
24.9059
24.8528
24.8822
24.9525
24.8837
25.0006
24.9303
26.3826
26.3252
26.4055
26.4077
26.3661
26.4701
26.44
26.4457
26.3769
26.3288
26.2205
26.2277
26.3016
26.3518
26.2951
26.3152
26.2793
26.2643
26.2714
26.2779
26.3331
26.2765
26.3596
26.3252
26.2944
26.3302
26.3259
26.3403
26.3475
26.2062
26.3137
26.3876
26.3374
26.3202
25.9458
25.7558
25.8497
25.7493
25.9731
25.9738
26.1043
26.0455
26.1581
26.2736
26.2205
26.2298
26.3159
26.5174
26.6379
26.5533
26.4823
26.4428
26.4658
26.5777
26.389
26.3123
26.3259
26.3869
26.3302
26.3797
26.3467
26.369
26.1854
26.1029
25.9795
25.6597
25.7522
25.6037
25.5413
25.6009
25.5385
25.4711
25.3649
25.3893
25.4137
25.4997
25.5966
25.6303
25.6762
25.6568
25.6489
25.6489
25.6009
25.4409
25.4811
25.423
25.4603
25.461
25.4768
25.3169
25.2502
25.1304
25.0615
25.0063
25.0357
25.0221
24.9038
24.9475
24.9418
24.7101
24.6685
24.6599
24.5932
24.6233
24.6527
24.5918
24.6814
24.6951
24.6276
24.7352
24.7001
24.6255
24.7187
24.8091
24.8722
24.8557
24.8586
24.9095
24.9726
25.1734
24.9977
26.3941
26.4027
26.4055
26.3819
26.4228
26.4385
26.5311
26.5117
26.3948
26.2686
26.1933
26.176
26.2069
26.308
26.2886
26.3274
26.2492
26.2112
26.2843
26.2779
26.2449
26.3647
26.3388
26.2721
26.3596
26.3388
26.3532
26.3044
26.3625
26.1933
26.3137
26.3625
26.1438
26.0097
25.6503
25.6661
25.7766
26.062
25.9731
26.1782
26.2392
26.2377
26.2635
26.3826
26.2951
26.3116
26.3159
26.402
26.5533
26.5648
26.6264
26.5676
26.5978
26.5899
26.5138
26.2592
26.1803
26.3783
26.3281
26.346
26.341
26.2585
26.166
26.0864
25.9795
25.7673
25.6998
25.6317
25.5299
25.6009
25.5822
25.3914
25.418
25.4359
25.4137
25.6159
25.7249
25.7465
25.7221
25.6912
25.5987
25.5801
25.4746
25.3957
25.4875
25.4703
25.4359
25.4115
25.4115
25.2867
25.1584
25.1304
25.144
24.9468
25.0242
24.9705
24.9619
24.9281
24.8779
24.8758
24.7869
24.675
24.6757
24.6915
24.5968
24.6821
24.6958
24.7259
24.7223
24.6585
24.7998
24.7338
24.67
24.6786
24.6764
24.8787
24.8442
24.9116
25.0142
25.1734
25.0113
26.4235
26.4629
26.4543
26.5203
26.4751
26.4414
26.5325
26.4952
26.4199
26.2901
26.3173
26.1567
26.2765
26.2291
26.2241
26.3051
26.2492
26.2478
26.2492
26.3008
26.3116
26.3324
26.3353
26.3596
26.3374
26.3302
26.3424
26.3159
26.3561
26.1775
26.2098
26.2313
26.0563
25.6869
25.6066
25.816
25.9573
26.1323
26.161
26.2227
26.2557
26.3023
26.3295
26.5511
26.4314
26.5741
26.5081
26.5461
26.6358
26.5605
26.6458
26.5676
26.6601
26.6422
26.5633
26.3353
26.303
26.3188
26.2729
26.3037
26.2607
26.2341
26.1273
26.0491
25.8332
25.7974
25.7651
25.6202
25.5284
25.4696
25.451
25.3506
25.4711
25.4696
25.4825
25.7493
25.7701
25.7551
25.6862
25.5958
25.4668
25.3563
25.3635
25.4352
25.4431
25.4976
25.4359
25.3764
25.446
25.281
25.1706
25.1017
25.0988
24.9798
24.9977
24.9303
25.0637
24.974
24.8779
24.9274
24.8679
24.7682
24.794
24.7073
24.6872
24.6821
24.7445
24.7116
24.7101
24.8012
24.86
24.8643
24.67
24.7273
24.8514
24.8249
24.8399
24.9619
25.0773
25.0845
25.0988
26.4651
26.5447
26.4601
26.5131
26.511
26.4852
26.5526
26.5239
26.4615
26.3876
26.3984
26.3051
26.4192
26.3417
26.2413
26.2757
26.3037
26.2499
26.2614
26.318
26.3252
26.3102
26.2908
26.346
26.3539
26.3467
26.3596
26.3159
26.2442
26.1474
26.1201
26.0168
25.877
25.6331
25.6711
25.816
25.7773
26.133
26.1509
26.2521
26.4242
26.4357
26.597
26.5511
26.5418
26.658
26.6393
26.6852
26.7684
26.7383
26.6982
26.6458
26.6673
26.701
26.5648
26.4622
26.303
26.2578
26.2872
26.3274
26.303
26.1273
26.057
26.0591
25.8361
25.7737
25.7629
25.6568
25.5815
25.4503
25.3534
25.418
25.4832
25.6561
25.6919
25.6353
25.555
25.6317
25.4804
25.4503
25.3154
25.3563
25.3405
25.3348
25.3692
25.484
25.4044
25.484
25.4244
25.3455
25.1297
25.0996
25.0121
24.9798
25.0092
24.9654
25.0027
24.9461
24.9705
24.9002
24.8363
24.8521
24.7912
24.8041
24.7352
24.7453
24.7682
24.7417
24.7245
24.9489
24.9389
24.9095
24.8607
24.8378
24.8514
24.7395
24.8593
25.0063
25.2014
25.2
25.1261
26.5899
26.6831
26.455
26.4751
26.5131
26.5662
26.5361
26.5325
26.5067
26.4887
26.4536
26.4486
26.4414
26.3417
26.3152
26.2944
26.2686
26.3252
26.2219
26.346
26.3123
26.28
26.318
26.3503
26.3116
26.3747
26.3137
26.2872
26.2435
26.123
26.0398
25.9437
25.6826
25.5005
25.5184
25.4703
25.4954
26.1703
26.2427
26.4192
26.544
26.5741
26.6085
26.5798
26.6085
26.6659
26.6781
26.7842
26.7663
26.7347
26.8961
26.691
26.8452
26.7519
26.6078
26.4895
26.3073
26.2248
26.275
26.2836
26.1753
26.1273
26.1036
25.9702
25.7888
25.7508
25.7629
25.5937
25.4897
25.3957
25.4158
25.418
25.5837
25.6941
25.7285
25.4359
25.555
25.3757
25.3728
25.3104
25.3864
25.3577
25.314
25.3936
25.2996
25.4438
25.4517
25.4108
25.4503
25.39
25.22
25.063
25.0422
25.0178
24.9461
24.936
24.9461
24.9023
24.9783
24.9023
24.8363
24.8729
24.8557
24.8414
24.8134
24.86
24.7689
24.7417
24.9088
24.9045
24.8507
24.8478
24.8844
24.8643
24.7904
24.7682
25.0658
25.0343
25.187
25.1411
25.1533
26.5475
26.6745
26.5382
26.4687
26.5074
26.5203
26.4672
26.4837
26.45
26.4163
26.4536
26.4077
26.4608
26.473
26.4242
26.3317
26.2872
26.2399
26.2306
26.351
26.2542
26.3288
26.3166
26.3596
26.3116
26.2987
26.2234
26.237
26.1947
26.0348
26.0297
25.8246
25.4725
25.4811
25.5148
25.139
25.811
26.2198
26.3159
26.5275
26.6637
26.6444
26.7089
26.6896
26.6609
26.6056
26.6257
26.6487
26.7663
26.9255
26.8947
26.8624
26.871
26.795
26.663
26.5404
26.2743
26.1847
26.2406
26.2184
26.1366
26.1122
26.0197
25.8397
25.679
25.7443
25.6991
25.5621
25.4725
25.4962
25.5241
25.5134
25.7049
25.7716
25.6618
25.3298
25.3362
25.3032
25.3011
25.2882
25.3384
25.3298
25.3484
25.3298
25.2946
25.4696
25.4209
25.4216
25.4503
25.4309
25.3011
25.1426
25.0508
24.9862
24.9848
24.8873
24.954
24.9418
24.9267
24.9497
24.9375
24.9253
24.9991
24.9081
24.9124
24.8191
24.8536
24.8414
24.9002
24.9281
24.9002
24.9317
24.8722
24.8564
24.8414
24.9475
25.0658
25.144
25.134
25.1239
25.0952
26.658
26.7548
26.544
26.5181
26.5081
26.5361
26.5138
26.4837
26.4608
26.3353
26.4048
26.2686
26.4142
26.3718
26.4378
26.3589
26.3008
26.3016
26.3123
26.2284
26.2987
26.3288
26.2994
26.2851
26.2901
26.2492
26.1531
26.1574
26.0864
26.0111
25.8641
25.5664
25.4725
25.4488
25.5837
25.4933
26.1244
26.2055
26.4701
26.5354
26.6637
26.6422
26.6587
26.6752
26.4852
26.5447
26.5418
26.5547
26.7419
26.9269
26.9284
26.8237
26.848
26.795
26.701
26.5009
26.2105
26.1581
26.1961
26.128
25.9451
26.0161
25.773
25.7228
25.6862
25.6833
25.6403
25.4768
25.4137
25.5865
25.6805
25.74
25.7759
25.7515
25.5485
25.309
25.3047
25.324
25.3061
25.2745
25.1892
25.3083
25.357
25.3298
25.2996
25.4854
25.4209
25.4266
25.4345
25.4682
25.3061
25.1942
25.0895
24.964
24.9339
24.8873
24.9346
24.8414
24.9841
24.9009
24.9626
24.9956
24.9991
24.9432
25.0178
24.8693
24.8901
24.8736
24.8579
24.9281
24.9066
24.8672
24.8887
24.8557
24.8141
25.0909
25.0981
25.0981
25.1031
25.0859
25.0924
26.7821
26.8
26.5848
26.4981
26.5081
26.3639
26.4378
26.483
26.4443
26.3417
26.2908
26.3109
26.3518
26.3769
26.4292
26.3948
26.3396
26.3661
26.4192
26.3087
26.374
26.3747
26.2614
26.3302
26.2148
26.1803
26.0297
26.029
25.9953
25.8978
25.8081
25.4022
25.4316
25.4051
25.783
25.9171
26.1976
26.2714
26.5174
26.6243
26.6723
26.6142
26.6702
26.6831
26.5361
26.5267
26.3919
26.4687
26.6135
26.8323
26.8818
26.8624
26.7821
26.7684
26.691
26.3934
26.176
26.1244
26.1961
26.047
26.019
25.8992
25.7264
25.7228
25.6159
25.5958
25.4811
25.4108
25.4137
25.707
25.7421
25.8268
25.7113
25.7515
25.4029
25.4001
25.3362
25.3922
25.3061
25.2659
25.3592
25.2487
25.3326
25.3427
25.3893
25.3585
25.395
25.375
25.4158
25.4718
25.3061
25.1914
25.1275
25.0379
24.8901
24.8708
24.8758
24.8794
24.9131
24.8249
24.9102
24.8557
24.8952
24.8657
24.893
24.9281
24.8485
24.8772
24.9303
24.9547
24.9131
24.8887
24.8249
24.9511
24.9575
25.2143
25.1476
25.1741
25.1031
25.1325
25.0658
26.7362
26.8
26.7598
26.6809
26.4235
26.3338
26.4859
26.4887
26.5016
26.3991
26.1316
26.2678
26.445
26.3733
26.3561
26.3711
26.4149
26.3647
26.4192
26.3317
26.3611
26.318
26.3424
26.3353
26.1968
26.1015
26.062
26.0383
25.8913
25.8978
25.5585
25.3513
25.3391
25.4596
25.8332
26.0634
26.2449
26.2714
26.5497
26.5884
26.6487
26.6279
26.5956
26.5762
26.5633
26.5267
26.4866
26.4371
26.4916
26.6193
26.8229
26.8559
26.7455
26.7591
26.5497
26.2449
26.1043
26.1631
26.1875
26.0003
25.953
25.8167
25.6697
25.6267
25.6453
25.5557
25.5134
25.4209
25.56
25.7622
25.8067
25.7278
25.4689
25.4402
25.2939
25.5557
25.4718
25.7077
25.5485
25.5801
25.5256
25.2824
25.3075
25.3068
25.3118
25.3649
25.4503
25.3922
25.4495
25.4718
25.3585
25.2358
25.1325
25.0687
24.9812
24.987
24.9203
24.8794
24.888
24.8428
24.8084
24.7962
24.9332
24.9174
24.893
24.8263
24.9267
24.9188
24.8227
24.9647
24.8808
24.8887
24.9432
25.1203
25.129
25.2358
25.1591
25.1885
25.1591
25.0142
25.0658
26.739
26.7627
26.7613
26.7276
26.5103
26.6286
26.6185
26.4622
26.4902
26.44
26.3259
26.303
26.44
26.4672
26.3812
26.4163
26.4464
26.3776
26.4084
26.3102
26.3166
26.26
26.3159
26.3102
26.2535
26.0132
26.0132
25.9824
25.9523
25.783
25.4983
25.4474
25.2946
25.4919
25.9322
26.1639
26.2449
26.1868
26.488
26.5131
26.5891
26.6315
26.6171
26.5447
26.5275
26.5124
26.5224
26.4601
26.4514
26.5318
26.8229
26.8323
26.7857
26.6099
26.4557
26.1789
26.0548
26.0929
26.1129
25.9487
25.9494
25.6826
25.6539
25.5966
25.522
25.4653
25.3441
25.5177
25.6317
25.8677
25.7522
25.6518
25.3448
25.3527
25.3828
25.712
25.7343
25.8117
25.7113
25.7149
25.7142
25.4065
25.3226
25.2215
25.3398
25.3649
25.428
25.4388
25.3699
25.4754
25.3692
25.2114
25.2265
25.2093
25.1325
25.101
25.0802
24.8091
24.8005
24.7653
24.8148
24.8277
24.9755
24.85
24.9647
24.8952
24.9748
24.8672
24.9439
24.9267
24.9647
24.9626
25.0809
25.1203
25.1318
25.1827
25.1655
25.1325
25.0558
25.0759
25.0343
26.729
26.729
26.7276
26.6888
26.6809
26.6329
26.6544
26.5533
26.3503
26.3683
26.3539
26.3388
26.4091
26.5189
26.3898
26.4163
26.4127
26.4328
26.4263
26.4005
26.3518
26.3001
26.3403
26.3288
26.1968
26.1517
26.0132
26.0548
26.0089
25.8325
25.5485
25.4359
25.4044
25.6131
26.1753
26.3145
26.2707
26.2442
26.3683
26.4758
26.5038
26.5009
26.6171
26.4895
26.5404
26.5418
26.5067
26.4672
26.417
26.5031
26.6967
26.8574
26.625
26.6272
26.308
26.1789
25.9924
26.1474
26.1466
25.9709
25.8784
25.6518
25.6812
25.5672
25.5865
25.4868
25.2337
25.5076
25.8612
25.8038
25.5614
25.3972
25.3441
25.375
25.5435
25.712
25.7931
25.9028
25.8088
25.8397
25.7142
25.5729
25.5306
25.3047
25.3061
25.3341
25.423
25.4402
25.4825
25.4287
25.3886
25.2408
25.2265
25.2251
25.2136
25.21
25.1275
24.969
24.7926
24.7653
24.7245
24.7897
24.8414
24.6671
24.9561
24.9489
24.9748
24.9389
24.921
24.8966
25.0881
25.0974
25.1411
25.1548
25.2279
25.1856
25.1684
25.0357
25.058
25.0113
24.9396
26.7225
26.7111
26.6831
26.6688
26.5805
26.582
26.6099
26.5612
26.4973
26.4156
26.27
26.407
26.4091
26.4765
26.5404
26.4543
26.3618
26.3847
26.4507
26.3439
26.4378
26.3625
26.3532
26.3094
26.3503
26.3539
26.1832
26.1517
26.1639
25.8763
25.6769
25.6274
25.5306
25.74
26.1753
26.2765
26.2643
26.2349
26.2621
26.4249
26.4852
26.5138
26.6013
26.5805
26.5002
26.5425
26.5174
26.4887
26.4744
26.5117
26.6874
26.8151
26.5468
26.4436
26.1882
26.0276
25.9846
26.0842
26.057
25.9953
25.8784
25.7766
25.6941
25.6762
25.5994
25.4868
25.2502
25.6726
25.8411
25.8189
25.5614
25.385
25.3513
25.4897
25.6518
25.8189
25.9128
25.9659
25.9351
25.8892
25.8203
25.7421
25.7328
25.418
25.4008
25.3398
25.4761
25.4402
25.489
25.446
25.4653
25.3484
25.1433
25.1928
25.2373
25.2028
25.0278
25.1003
25.058
24.7395
24.7603
24.8292
24.7589
24.8098
24.9368
25.0013
24.9848
24.8865
24.9045
24.9583
25.1548
25.1447
25.2251
25.2028
25.2724
25.1856
25.096
25.0314
25.025
24.8923
25.0716
26.6716
26.6085
26.6594
26.615
26.5612
26.615
26.6702
26.6243
26.5927
26.5052
26.3934
26.3625
26.445
26.5562
26.5863
26.5203
26.4522
26.4543
26.4177
26.4314
26.389
26.336
26.4357
26.3094
26.3926
26.4644
26.3661
26.2184
26.199
26.0283
25.9272
25.8347
25.7178
26.0563
26.2872
26.2937
26.199
26.2657
26.2664
26.3159
26.4106
26.4507
26.6393
26.5691
26.587
26.5389
26.5483
26.4887
26.4679
26.5368
26.7928
26.7943
26.549
26.3532
26.0183
25.9595
25.9724
26.0448
26.0943
26.0391
25.9666
25.8662
25.8885
25.6998
25.7773
25.5126
25.5915
25.854
25.9229
25.7472
25.5872
25.3506
25.5005
25.6052
25.7429
25.8798
25.8999
25.9917
25.9552
26.0591
25.9673
25.8684
25.7328
25.6453
25.5514
25.3549
25.4639
25.4517
25.4359
25.4452
25.4703
25.4474
25.253
25.106
25.2373
25.0544
24.9454
25.0085
24.9934
24.8744
24.8163
24.8292
24.756
24.888
24.9891
24.9382
24.9769
24.8865
24.9045
25.1576
25.2394
25.243
25.4051
25.2774
25.291
25.2265
25.1311
24.9991
24.8959
25.0551
25.0594
26.6451
26.5834
26.5992
26.4852
26.559
26.6157
26.6695
26.6178
26.5884
26.5052
26.4127
26.4529
26.5009
26.5619
26.5088
26.5526
26.5016
26.493
26.3625
26.3503
26.2929
26.4242
26.4342
26.402
26.4973
26.5217
26.4142
26.3288
26.2499
26.123
25.981
25.8347
26.1058
26.3797
26.2865
26.3066
26.2643
26.2815
26.204
26.3159
26.336
26.5153
26.5791
26.5612
26.6135
26.4687
26.5669
26.506
26.5511
26.511
26.7677
26.7649
26.549
26.3453
25.9552
25.9387
25.9595
25.9788
26.0663
25.9716
25.9752
25.9903
25.9394
25.9128
25.8885
25.7013
25.8526
25.8576
25.8892
25.6102
25.4366
25.3936
25.5083
25.6855
25.8519
25.8619
25.92
25.9917
26.0175
26.0764
26.0233
25.9967
25.8426
25.788
25.7278
25.4997
25.5557
25.4158
25.3785
25.4087
25.5119
25.4653
25.4122
25.243
25.03
25.0572
25.045
24.9697
24.954
24.9109
24.8371
24.8464
24.7797
25.0407
25.0027
25.0027
24.9726
24.9411
25.0443
25.172
25.3147
25.3133
25.3369
25.3341
25.3778
25.2745
25.2365
24.9991
24.9267
25.1627
25.101
26.5332
26.6939
26.6207
26.5899
26.5827
26.5318
26.6695
26.6164
26.6379
26.5762
26.5016
26.4909
26.5167
26.5253
26.5547
26.6358
26.625
26.5841
26.4801
26.417
26.2929
26.3381
26.402
26.4902
26.5999
26.4973
26.5009
26.4464
26.3998
26.1574
26.1997
26.1086
26.4149
26.389
26.3991
26.3109
26.2349
26.2277
26.2721
26.2843
26.445
26.6264
26.5942
26.6214
26.5067
26.549
26.5676
26.5303
26.5232
26.5432
26.7928
26.7541
26.6092
26.2643
25.8153
25.8088
25.8289
25.9788
25.9702
25.9243
25.9351
25.9207
25.9394
25.92
25.8691
25.9057
25.8892
25.8576
25.8677
25.5012
25.4137
25.2989
25.5083
25.6919
25.8325
25.8232
25.9638
26.0168
26.0391
26.1093
25.9903
26.0627
25.9336
25.9379
25.788
25.6597
25.575
25.3649
25.4775
25.4087
25.4818
25.5012
25.4531
25.4323
25.1992
25.1125
25.045
25.0164
25.0049
24.8815
24.8901
24.855
24.9274
25.0407
24.9597
24.8865
24.8708
25.0522
25.1103
25.2925
25.3147
25.3169
25.2896
25.2731
25.4309
25.3907
25.2953
24.9203
24.8263
25.1627
25.1591
26.5138
26.6788
26.691
26.5899
26.5117
26.5289
26.5963
26.5354
26.5798
26.5999
26.5461
26.5282
26.544
26.4866
26.6107
26.6702
26.6322
26.6738
26.5648
26.5705
26.4228
26.4938
26.3561
26.4278
26.5203
26.4916
26.5303
26.44
26.3998
26.351
26.4271
26.3381
26.3991
26.3503
26.2987
26.298
26.407
26.3338
26.4514
26.4751
26.6164
26.6365
26.6437
26.5777
26.5067
26.5856
26.5447
26.5339
26.5103
26.5024
26.7283
26.7491
26.5583
26.3173
25.821
25.6482
25.6948
25.8483
25.801
25.7673
25.9107
25.9028
25.91
25.8755
25.8928
25.8892
25.9222
25.8418
25.6855
25.5428
25.4259
25.3678
25.5205
25.5973
25.6833
25.7328
25.8469
25.9817
26.0527
25.9702
25.9652
26.0183
26.0233
25.9716
25.788
25.7543
25.7673
25.5184
25.5184
25.423
25.5126
25.5083
25.4832
25.4065
25.2989
25.2078
25.1211
25.1247
25.1541
25.0479
25.0171
24.9217
24.9131
25.0199
24.9238
24.8722
24.8973
25.1526
25.1777
25.3133
25.3032
25.2251
25.2961
25.2408
25.4244
25.4553
25.504
25.2365
25.2236
25.2114
25.1655
26.5138
26.6322
26.6888
26.6035
26.5311
26.4923
26.5052
26.4981
26.5633
26.5052
26.6279
26.5956
26.5626
26.4808
26.5146
26.544
26.6537
26.6738
26.6049
26.7053
26.5038
26.5318
26.4672
26.3977
26.3776
26.4414
26.4801
26.4557
26.488
26.3948
26.3948
26.3977
26.3482
26.4428
26.3869
26.4744
26.407
26.5519
26.6472
26.6494
26.5963
26.6501
26.6013
26.5942
26.5741
26.5547
26.5547
26.564
26.488
26.5024
26.6738
26.7362
26.5562
26.3023
25.9437
25.6726
25.6769
25.6991
25.7443
25.73
25.7716
25.8834
25.8834
25.905
25.9308
25.9623
25.8339
25.8347
25.5291
25.4503
25.4295
25.3864
25.4531
25.4402
25.4366
25.6252
25.7127
25.8899
25.9365
25.9702
26.029
26.0584
25.9874
26.0376
25.9057
25.8999
25.9257
25.697
25.5973
25.5327
25.5485
25.5083
25.5808
25.5707
25.3871
25.2236
25.314
25.253
25.2251
25.1275
25.1727
25.0049
25.167
24.9783
24.9454
24.8722
24.9762
25.1921
25.1741
25.1885
25.2315
25.2674
25.2961
25.3398
25.5248
25.5141
25.5378
25.3871
25.418
25.3161
25.1914
26.5877
26.6508
26.6178
26.6322
26.6236
26.6458
26.488
26.5397
26.5009
26.5475
26.4988
26.4536
26.5605
26.5009
26.4966
26.4938
26.4902
26.7103
26.7197
26.719
26.6092
26.6774
26.6257
26.4981
26.5009
26.4414
26.4393
26.4321
26.3747
26.4543
26.455
26.3819
26.506
26.5425
26.5726
26.5791
26.5805
26.6142
26.6838
26.701
26.7261
26.6107
26.5683
26.6379
26.5963
26.5468
26.5605
26.5963
26.5303
26.5224
26.544
26.7247
26.635
26.4177
25.9437
25.6166
25.6611
25.6704
25.7335
25.7708
25.8569
25.8175
25.8892
25.9645
25.9093
25.8906
25.6991
25.636
25.4029
25.4431
25.3986
25.3563
25.4108
25.2251
25.4366
25.3778
25.6001
25.811
25.8791
25.9788
25.8813
25.9265
25.9573
26.0348
25.9437
25.9716
26.0068
25.9595
25.8755
25.5614
25.5198
25.6252
25.598
25.5148
25.3972
25.3441
25.3814
25.2918
25.2251
25.2373
25.1713
25.1304
25.1383
25.1132
25.1576
24.9511
24.8148
25.1899
25.2007
25.1132
25.2236
25.1985
25.309
25.4402
25.5248
25.4775
25.4481
25.4008
25.3972
25.3319
25.2301
26.6078
26.7211
26.6759
26.6293
26.6322
26.5963
26.5762
26.5683
26.5339
26.5468
26.4687
26.4407
26.526
26.5124
26.4966
26.4952
26.488
26.5526
26.5762
26.5719
26.7297
26.7311
26.7096
26.6358
26.6322
26.5311
26.5612
26.63
26.4988
26.5526
26.5748
26.5067
26.5698
26.5425
26.6508
26.6702
26.6551
26.7017
26.6666
26.6501
26.6393
26.6107
26.615
26.5748
26.549
26.6092
26.5963
26.5755
26.5877
26.5009
26.5002
26.5848
26.6852
26.417
25.9322
25.56
25.6088
25.6869
25.6812
25.7708
25.7371
25.8347
25.9623
25.9085
25.9093
25.6962
25.6088
25.5829
25.3793
25.4431
25.4101
25.3793
25.4467
25.1591
25.1541
25.2
25.4854
25.7113
25.7859
25.8519
25.8318
25.9523
25.963
26.0125
26.0383
26.0312
26.0068
25.981
25.953
25.8798
25.7816
25.5829
25.5629
25.5148
25.494
25.3785
25.3219
25.1827
25.1978
25.144
25.1591
25.1039
25.1842
25.2315
25.1892
25.1827
25.1247
25.1899
25.106
24.9705
25.1806
25.1612
25.1591
25.2358
25.466
25.413
25.4044
25.385
25.3255
25.2272
25.2638
26.625
26.6888
26.7591
26.6551
26.6329
26.6429
26.6185
26.582
26.5483
26.554
26.5382
26.4407
26.488
26.5741
26.5432
26.4708
26.5131
26.4895
26.5533
26.559
26.6695
26.6537
26.7125
26.7419
26.658
26.6444
26.5712
26.6429
26.5619
26.6243
26.6135
26.635
26.658
26.5648
26.6996
26.6924
26.6881
26.696
26.6508
26.6824
26.7111
26.6243
26.6673
26.6229
26.5805
26.6272
26.5963
26.5619
26.5339
26.506
26.445
26.4909
26.6487
26.5741
26.0878
25.565
25.6561
25.6697
25.636
25.6762
25.6962
25.7766
25.8626
25.8397
25.7837
25.6898
25.6417
25.5636
25.3563
25.5083
25.4825
25.4015
25.3986
25.3326
25.0608
25.2717
25.4051
25.6733
25.5464
25.7149
25.7837
25.9523
25.9688
25.9917
26.0728
26.0649
25.9222
25.9401
25.8275
25.8053
25.8963
25.8289
25.7673
25.5937
25.4603
25.6597
25.4087
25.4108
25.0802
25.2609
25.1591
25.1576
25.1784
25.1225
25.1182
25.2473
25.2114
25.2265
25.0902
24.9303
25.1727
25.177
25.1211
25.286
25.3097
25.423
25.4044
25.2788
25.2509
25.2229
25.2236
26.7376
26.7864
26.876
26.762
26.7577
26.8846
26.597
26.7362
26.6393
26.544
26.5597
26.5074
26.5267
26.559
26.5891
26.5511
26.5224
26.5167
26.5318
26.5547
26.5899
26.5282
26.7125
26.7792
26.8459
26.7419
26.6623
26.7068
26.6128
26.6644
26.6135
26.6487
26.6286
26.6551
26.6723
26.7132
26.7527
26.6487
26.6508
26.6386
26.6788
26.701
26.6867
26.6049
26.6372
26.5834
26.5748
26.5726
26.45
26.5411
26.4873
26.4909
26.6085
26.592
26.2255
25.8268
25.8045
25.6059
25.6374
25.6303
25.6948
25.7006
25.8239
25.7228
25.778
25.7041
25.6489
25.5686
25.3039
25.5248
25.4754
25.4452
25.3563
25.4553
25.1462
25.4861
25.4051
25.5958
25.5987
25.3843
25.5449
25.806
25.8426
25.9021
26.0011
25.9372
25.981
25.8547
25.8275
25.8397
25.8641
25.8469
25.8368
25.8045
25.7902
25.8411
25.6367
25.5528
25.2724
25.253
25.2667
25.1397
25.248
25.1512
25.1749
25.1727
25.2222
25.2294
25.1978
24.9303
25.1641
25.1992
25.134
25.2165
25.2509
25.238
25.2968
25.3118
25.2566
25.2882
25.1232
26.9069
26.9879
27.0209
26.9234
26.9269
26.9198
26.8301
26.8939
26.6393
26.6788
26.6272
26.5339
26.5569
26.564
26.5899
26.5361
26.5189
26.4952
26.6207
26.5497
26.5583
26.5597
26.5963
26.668
26.7376
26.7943
26.7828
26.7957
26.6243
26.6759
26.5899
26.6422
26.6601
26.7003
26.7053
26.7211
26.7218
26.6774
26.6523
26.6099
26.6515
26.6437
26.63
26.4844
26.5153
26.5016
26.5497
26.635
26.5224
26.5217
26.417
26.4428
26.4127
26.5397
26.4364
26.1459
25.8045
25.9236
25.773
25.6403
25.6948
25.7006
25.6719
25.6769
25.7314
25.6547
25.6489
25.4122
25.4603
25.5449
25.4739
25.4452
25.3247
25.5478
25.4223
25.6159
25.3197
25.5012
25.6188
25.1935
25.1053
25.6159
25.6733
25.6719
25.9014
25.8928
25.877
25.821
25.8024
25.8067
25.8332
25.8576
25.9085
25.7888
25.8232
25.8411
25.811
25.6353
25.4409
25.38
25.347
25.2781
25.248
25.1727
25.2286
25.1598
25.21
25.1914
25.2136
25.1146
25.3276
25.1634
25.0874
25.1426
25.2258
25.2272
25.2078
25.2143
25.2566
25.139
24.9977
27.084
27.1514
27.2525
27.0582
27.15
26.9198
26.9427
26.9528
26.7935
26.8889
26.8108
26.6444
26.5949
26.6817
26.5253
26.6006
26.5899
26.5648
26.5949
26.5497
26.554
26.4852
26.5411
26.5533
26.6336
26.7118
26.828
26.8
26.8
26.7591
26.6709
26.6723
26.6401
26.6967
26.7469
26.6903
26.658
26.7082
26.6939
26.7197
26.6544
26.592
26.5683
26.4844
26.5224
26.4938
26.5633
26.5375
26.5583
26.4808
26.3797
26.3769
26.3381
26.4048
26.4801
26.4651
26.2083
26.1911
26.1022
25.7307
25.6747
25.7508
25.641
25.6697
25.5915
25.5657
25.4797
25.4323
25.6252
25.6181
25.6425
25.5894
25.5442
25.5299
25.5607
25.6288
25.4302
25.6317
25.6331
25.5994
25.3039
24.718
24.7037
25.6719
25.74
25.75
25.8411
25.8239
25.8268
25.8612
25.7988
25.778
25.8662
25.8677
25.7787
25.9207
25.9157
25.8038
25.5464
25.4675
25.3111
25.3161
25.2502
25.1842
25.1706
25.1957
25.2186
25.1498
25.1713
25.1519
25.3864
25.1634
25.1849
25.0802
24.9425
25.0917
25.1856
25.1957
25.1605
25.0479
24.9977
27.3157
27.2776
27.2525
27.2052
27.2977
27.0481
27.051
27.1034
26.9621
27.112
27.0058
26.8072
26.7484
26.8402
26.7132
26.8351
26.5899
26.6623
26.6343
26.5662
26.554
26.544
26.526
26.554
26.5203
26.6042
26.6974
26.8
26.7713
26.7319
26.6774
26.7139
26.6774
26.7548
26.7347
26.6903
26.6408
26.6128
26.6523
26.7039
26.7118
26.5992
26.5282
26.5239
26.5719
26.544
26.5791
26.5691
26.5583
26.4909
26.5031
26.3618
26.2772
26.3718
26.4278
26.4471
26.389
26.3812
26.1968
25.8332
25.7099
25.7522
25.7292
25.7852
25.6009
25.5492
25.4158
25.4589
25.5256
25.5205
25.4897
25.6159
25.6453
25.6138
25.6059
25.6066
25.6059
25.6977
25.6331
25.598
25.3871
24.9762
24.903
24.9023
25.1677
25.2781
25.5693
25.5686
25.8483
25.7766
25.7988
25.735
25.9121
25.958
25.816
25.9465
25.996
25.8038
25.6547
25.5119
25.4051
25.3599
25.2387
25.2537
25.1706
25.1447
25.1706
25.1347
25.0917
25.1713
25.3212
25.1469
25.3147
25.0795
25.0027
24.9403
25.1203
25.0372
25.0694
24.969
24.9662
27.391
27.3852
27.3881
27.4003
27.4627
27.2812
27.2274
27.2066
27.1414
27.1428
27.1643
26.9599
27.0159
27.0553
26.9226
27.0811
26.696
26.8208
26.7785
26.5748
26.5418
26.5619
26.564
26.4938
26.5232
26.5024
26.5719
26.7978
26.8602
26.7878
26.7498
26.7147
26.7864
26.8007
26.5633
26.6544
26.6566
26.6128
26.6451
26.7398
26.6537
26.6049
26.6193
26.5899
26.6637
26.5275
26.5511
26.5031
26.5311
26.4923
26.4887
26.412
26.4428
26.3718
26.3188
26.384
26.4543
26.3969
26.1968
26.0412
25.7364
25.7278
25.7149
25.6755
25.6539
25.6303
25.4997
25.4409
25.5256
25.451
25.5098
25.6382
25.5923
25.6138
25.5378
25.636
25.5779
25.6898
25.6202
25.6862
25.3922
25.1777
25.1139
24.8299
25.0931
25.2781
25.1777
25.1899
25.6805
25.8576
25.8842
25.8175
25.9408
25.963
25.8899
25.9229
25.8999
25.8763
25.7486
25.4746
25.4137
25.4201
25.3563
25.3484
25.3011
25.21
25.1957
25.129
25.1462
25.3936
25.2631
25.1318
25.2172
25.0795
24.9518
24.9346
24.9425
24.9389
24.8708
24.9683
24.8794
27.3616
27.5251
27.5322
27.4849
27.5853
27.4283
27.4412
27.3601
27.2683
27.3228
27.3666
27.1916
27.2059
27.0553
27.1091
27.221
26.881
26.9355
26.9241
26.6358
26.5318
26.5619
26.5103
26.4995
26.5232
26.4522
26.5511
26.7039
26.8939
26.8136
26.7792
26.7118
26.7864
26.7814
26.5913
26.6013
26.5052
26.5934
26.6888
26.6659
26.6537
26.7225
26.8882
26.6723
26.6774
26.6551
26.5382
26.4701
26.5282
26.5389
26.4593
26.4687
26.4027
26.3769
26.3066
26.2535
26.3353
26.3704
26.2643
26.2392
25.8942
25.7314
25.6209
25.6755
25.5607
25.5872
25.5091
25.4538
25.4718
25.4381
25.5614
25.5485
25.4617
25.5758
25.6267
25.6747
25.6991
25.603
25.5478
25.5636
25.3405
25.1275
25.3197
25.1483
25.309
25.2351
25.2946
25.4266
25.5119
25.8139
25.8741
25.8175
25.9408
25.9702
25.9659
25.9372
25.948
25.8562
25.7766
25.4746
25.4538
25.4309
25.4165
25.3226
25.2279
25.1878
25.1957
25.1203
25.1684
25.3269
25.3972
25.205
25.1447
25.1096
24.9984
24.9346
24.9905
24.8564
24.7818
24.8206
24.8593
27.4161
27.6111
27.5925
27.6477
27.6283
27.5365
27.5652
27.5839
27.4254
27.4462
27.5258
27.3716
27.378
27.2009
27.3321
27.2303
27.0331
27.155
27.0761
26.8265
26.7283
26.6587
26.559
26.4787
26.5375
26.5397
26.5483
26.63
26.8825
26.8129
26.7469
26.6523
26.8237
26.6688
26.5884
26.5669
26.5303
26.5311
26.516
26.5777
26.5899
26.7849
26.9836
26.8853
26.762
26.6551
26.5583
26.4672
26.5217
26.3991
26.3546
26.2822
26.3589
26.3338
26.3231
26.2987
26.2743
26.3252
26.3467
26.2879
26.0369
25.6819
25.5313
25.6367
25.5557
25.5887
25.4517
25.4402
25.4201
25.4603
25.5062
25.4373
25.4832
25.5191
25.6625
25.7579
25.6798
25.375
25.4431
25.2502
25.3405
25.3678
25.2638
25.362
25.3735
25.3864
25.5327
25.5736
25.6123
25.7909
25.8612
25.8203
25.981
25.9846
25.9057
25.9028
25.8031
25.7945
25.7192
25.646
25.4754
25.4789
25.5076
25.3047
25.2258
25.2502
25.1368
25.1419
25.1684
25.3993
25.3226
25.0286
25.0723
25.1074
24.9489
24.8887
24.921
24.893
24.7402
24.812
24.779
27.5337
27.5
27.652
27.6922
27.6628
27.728
27.6427
27.6162
27.5236
27.5021
27.5258
27.4899
27.4949
27.3357
27.3422
27.3307
27.2827
27.2253
27.1392
27.0524
26.8767
26.6587
26.6415
26.5533
26.5361
26.5447
26.582
26.5863
26.7957
26.8545
26.7297
26.7261
26.7857
26.6673
26.5748
26.5633
26.5253
26.5311
26.506
26.5332
26.5074
26.7878
27.018
27.0058
26.843
26.6774
26.5626
26.5203
26.4823
26.4249
26.3546
26.2542
26.3295
26.389
26.3683
26.3023
26.2377
26.2937
26.3202
26.3016
26.0391
25.7823
25.5621
25.626
25.5234
25.659
25.5442
25.4015
25.3864
25.5091
25.5062
25.4431
25.4538
25.5126
25.5707
25.7579
25.603
25.2961
25.2358
25.1591
25.177
25.2796
25.4001
25.4553
25.6432
25.5385
25.6812
25.5736
25.6446
25.8626
25.9344
25.7988
25.9867
26.0097
25.9057
25.8296
25.7472
25.7127
25.6941
25.6166
25.5421
25.4789
25.4094
25.3204
25.2193
25.271
25.1282
25.2337
25.2401
25.4087
25.4223
25.2064
25.1046
24.9432
24.9611
24.8536
24.9231
24.893
24.8493
24.7237
24.7897
27.1851
27.2317
27.3938
27.4928
27.4763
27.624
27.5652
27.6162
27.576
27.6068
27.5459
27.5322
27.5867
27.444
27.5007
27.3831
27.3178
27.3013
27.2009
27.074
26.8775
26.8115
26.6781
26.5963
26.526
26.5683
26.5138
26.6107
26.6759
26.8545
26.8186
26.6781
26.7943
26.6788
26.5877
26.5519
26.5354
26.5719
26.5311
26.5246
26.5648
26.7225
26.9721
27.0517
26.9427
26.7598
26.5755
26.5131
26.4357
26.4278
26.2815
26.247
26.3331
26.3912
26.3711
26.3023
26.2557
26.26
26.331
26.2585
26.0391
25.6919
25.6088
25.6181
25.5571
25.659
25.5248
25.4997
25.4273
25.3828
25.3828
25.3362
25.4051
25.395
25.527
25.6159
25.4373
25.1648
25.2258
25.1957
25.1978
25.3276
25.4001
25.646
25.7421
25.7077
25.7637
25.6604
25.6704
25.9207
25.8755
25.8289
25.9903
25.9508
25.8849
25.674
25.6676
25.6647
25.6496
25.6209
25.517
25.4768
25.2602
25.1297
25.1885
25.144
25.1971
25.2767
25.3169
25.319
25.4223
25.0623
24.9619
24.9662
24.9009
24.8399
24.8414
24.8198
24.8177
24.7237
24.8234
27.0367
27.2052
27.249
27.3085
27.3601
27.5186
27.5193
27.4871
27.4756
27.5502
27.6162
27.6599
27.6413
27.5968
27.5911
27.4763
27.4139
27.3687
27.2009
27.0768
26.9563
26.8323
26.6788
26.6609
26.5755
26.6903
26.7068
26.6135
26.6243
26.8351
26.8653
26.7512
26.7914
26.6759
26.6444
26.4981
26.5303
26.5045
26.5103
26.5024
26.5447
26.6178
26.9721
27.0532
26.9599
26.7168
26.5913
26.4902
26.4981
26.4593
26.3639
26.2872
26.3173
26.3912
26.4163
26.3467
26.2349
26.2112
26.298
26.3044
25.8641
25.6403
25.6511
25.6195
25.6303
25.6102
25.4746
25.4574
25.4409
25.3778
25.3348
25.4051
25.423
25.3922
25.4797
25.4632
25.248
25.1591
25.1533
25.1978
25.1361
25.3212
25.56
25.8311
25.8361
25.7594
25.7837
25.7457
25.8261
25.9207
25.877
25.8282
25.8906
25.8411
25.8547
25.7278
25.6676
25.6166
25.6611
25.6159
25.3807
25.3914
25.1361
25.1297
25.1117
25.0909
25.0909
25.1619
25.2301
25.2745
25.2853
25.0773
24.936
24.8277
24.8672
24.8399
24.7381
24.6585
24.7338
24.642
24.6111
27.0453
27.1901
27.2898
27.3831
27.3601
27.4534
27.4326
27.4247
27.3953
27.4605
27.5674
27.675
27.6857
27.6312
27.6334
27.6176
27.5007
27.4125
27.3264
27.112
26.9398
26.9076
26.8323
26.8459
26.6731
26.8014
26.7068
26.6028
26.5877
26.7448
26.8473
26.7462
26.7634
26.6673
26.6444
26.5418
26.4973
26.506
26.4149
26.4651
26.5777
26.592
27.0044
27.056
26.9893
26.8502
26.5927
26.4902
26.526
26.5138
26.3941
26.3238
26.3051
26.298
26.3955
26.3482
26.2808
26.2399
26.3797
26.2886
25.9422
25.5772
25.5686
25.6231
25.5636
25.5528
25.4266
25.3692
25.2996
25.2803
25.2781
25.39
25.423
25.4517
25.4223
25.314
25.1189
25.1591
25.2243
25.2121
25.2086
25.4632
25.7027
25.8913
25.9688
25.8784
25.9537
25.9071
25.8978
25.9602
25.9057
25.8132
25.8734
25.768
25.7106
25.7443
25.6475
25.4775
25.3957
25.4409
25.2222
25.22
24.9489
25.0458
25.0422
25.0422
25.0666
25.144
25.1605
25.2172
25.1584
25.0508
24.936
24.9138
24.8801
24.8213
24.6793
24.5401
24.5918
24.6083
24.5982
26.9298
27.1901
27.3178
27.5
27.3938
27.444
27.4283
27.4598
27.4125
27.3988
27.4648
27.5903
27.647
27.7273
27.708
27.6176
27.5609
27.462
27.33
27.0976
27.0697
26.9348
26.9822
26.98
26.8703
26.9069
26.7749
26.7261
26.6601
26.724
26.8065
26.7835
26.7598
26.7699
26.739
26.6322
26.5282
26.4414
26.351
26.3561
26.5282
26.5626
26.8294
26.9922
27.0553
26.9477
26.7268
26.5841
26.526
26.5963
26.4687
26.3761
26.3051
26.3259
26.3804
26.4593
26.2435
26.2399
26.3267
26.3532
26.0828
25.6102
25.5686
25.5973
25.6252
25.4739
25.4115
25.3692
25.3477
25.3047
25.3176
25.3169
25.2889
25.2788
25.1383
25.215
25.1483
25.2839
25.2674
25.3032
25.5205
25.7852
25.9473
26.014
25.9688
25.8999
26.024
26.0168
26.0269
26.0355
25.9136
25.8132
25.7558
25.801
25.7723
25.6503
25.489
25.2502
25.3957
25.2014
25.0235
25.0049
24.9368
24.8966
24.9991
25.0422
25.0623
25.1031
25.0981
25.1863
25.1863
25.0372
25.0242
24.8966
24.8801
24.7567
24.5681
24.5617
24.51
24.5617
24.5222
27.0897
27.2719
27.4376
27.566
27.5279
27.5789
27.5487
27.5057
27.4161
27.4017
27.3953
27.4182
27.5473
27.68
27.7166
27.6527
27.5753
27.5523
27.3924
27.2023
27.1823
27.0998
27.1242
27.188
27.0352
27.018
26.866
26.8301
26.7577
26.8122
26.8337
26.7519
26.7175
26.843
26.8186
26.7369
26.582
26.483
26.412
26.3561
26.5583
26.5447
26.6164
26.7864
27.0259
26.9606
26.8911
26.7197
26.6652
26.7211
26.5511
26.564
26.3883
26.3439
26.3353
26.3403
26.2349
26.2298
26.3668
26.3812
26.2678
26.0448
25.5585
25.5822
25.5743
25.4768
25.4373
25.2982
25.3778
25.3577
25.1627
25.3427
25.2236
25.1232
25.149
25.1641
25.1698
25.2186
25.2767
25.3032
25.7902
26.09
26.0685
26.1144
26.0219
26.0039
25.8935
25.8963
25.9709
26.0197
25.8067
25.882
25.7594
25.8088
25.7902
25.6697
25.413
25.1878
25.1978
25.0544
24.8507
24.8363
25.0257
24.9425
24.9152
24.9855
25.1641
25.0802
25.1878
24.9389
25.025
24.9411
25.0902
24.7682
24.8041
24.7173
24.5179
24.4864
24.3974
24.495
24.3644
27.2827
27.3759
27.571
27.6448
27.619
27.7051
27.637
27.5573
27.4218
27.4813
27.3752
27.4275
27.5473
27.695
27.7503
27.6771
27.6219
27.6047
27.4634
27.2181
27.2891
27.236
27.3185
27.188
27.1199
27.0338
26.8939
26.8151
26.8538
26.8731
26.8753
26.7519
26.7369
26.8036
26.8638
26.8825
26.7139
26.5009
26.4371
26.3812
26.5576
26.5626
26.6013
26.6329
27.0259
27.023
26.9872
26.8208
26.8308
26.8316
26.6852
26.6788
26.5167
26.341
26.3008
26.2234
26.0842
26.1961
26.2607
26.2786
26.4127
26.3453
25.8899
25.8447
25.74
25.5299
25.5263
25.433
25.4287
25.4008
25.2121
25.3011
25.2996
25.2157
25.149
25.3441
25.281
25.2602
25.3412
25.6267
26.0247
26.265
26.1811
26.0348
26.0276
25.981
25.8935
25.9501
25.9128
25.8655
25.8971
25.8727
25.7981
25.7938
25.788
25.7242
25.5923
25.3104
25.1483
24.9891
24.8507
24.8091
25.1189
24.8808
24.9217
24.9647
24.9934
25.0802
25.0164
24.8909
24.9848
24.8055
24.8801
24.8234
24.855
24.7682
24.5179
24.6183
24.4727
24.5057
24.4541
27.4691
27.5201
27.695
27.6549
27.6542
27.5882
27.6685
27.6398
27.5839
27.4591
27.3938
27.4785
27.5122
27.7065
27.8249
27.7582
27.6348
27.6097
27.566
27.4899
27.4555
27.3809
27.3286
27.2719
27.1478
27.041
26.9449
26.904
26.9334
26.919
26.8617
26.7799
26.7369
26.848
26.81
26.9334
26.8509
26.5949
26.5117
26.4629
26.587
26.6867
26.6401
26.5569
26.838
26.9843
27.0697
26.9112
27.0008
26.8316
26.8215
26.7519
26.5167
26.4407
26.2478
26.2399
26.1502
26.1022
26.1524
26.1581
26.407
26.4321
26.2822
26.1624
25.9724
25.5722
25.5944
25.4689
25.4273
25.4008
25.3097
25.2961
25.2437
25.3319
25.2502
25.3678
25.3176
25.3061
25.6453
25.9552
26.2284
26.2413
26.1753
25.9702
26.0491
25.9451
25.9623
25.9516
25.8311
25.7924
25.7242
25.7916
25.8189
25.7938
25.7959
25.7608
25.6023
25.4653
25.0809
24.9913
24.812
24.9468
25.0199
24.8607
24.8607
24.8098
24.9066
24.9497
24.903
24.8909
24.7331
24.5688
24.7775
24.7116
24.68
24.8378
24.7388
24.741
24.4727
24.5767
24.637
27.5516
27.6097
27.8069
27.6965
27.6757
27.5803
27.6549
27.6362
27.6707
27.4591
27.4648
27.5337
27.5337
27.7603
27.7947
27.8564
27.6864
27.6384
27.5573
27.5724
27.4555
27.4713
27.3257
27.1801
27.127
27.112
27.0438
26.9922
26.9334
26.9614
26.866
26.7649
26.7677
26.8014
26.8072
26.9442
26.8509
26.7641
26.5712
26.511
26.6257
26.7039
26.6809
26.5748
26.6272
26.724
27.046
27.0833
27.0847
26.9657
26.9212
26.8466
26.6365
26.4873
26.2478
26.2729
26.1208
26.0348
26.0441
26.1581
26.2557
26.3847
26.4027
26.3611
25.9724
25.7873
25.7077
25.5048
25.499
25.4553
25.4302
25.3879
25.4503
25.4711
25.3083
25.3914
25.4603
25.4553
26.1208
26.1961
26.3302
26.2413
26.0426
26.1603
26.0713
25.9903
26.0448
25.8626
25.8182
25.702
25.7178
25.7931
25.8469
25.7622
25.7809
25.7873
25.5973
25.517
25.2638
25.2251
25.045
25.0479
25.0199
24.8507
24.7754
24.9353
24.9217
24.8772
24.832
24.8313
24.6965
24.4498
24.6764
24.6635
24.7653
24.6327
24.6599
24.7187
24.685
24.6391
24.5466
27.5803
27.6793
27.7703
27.69
27.7323
27.5559
27.6549
27.6269
27.6965
27.5588
27.5222
27.5258
27.5968
27.6355
27.746
27.8206
27.7868
27.7409
27.586
27.6649
27.4885
27.4333
27.3372
27.2181
27.155
27.0962
27.1378
27.0324
27.0173
26.9528
26.9119
26.7907
26.7964
26.8272
26.8373
26.9606
26.8861
26.8524
26.6931
26.5734
26.6221
26.7039
26.6587
26.7534
26.6142
26.6709
26.9836
27.112
27.1048
27.0288
26.9836
26.881
26.6566
26.5167
26.2678
26.26
26.1251
26.118
25.9451
26.0011
26.0749
26.1639
26.3948
26.331
26.1904
26.0082
25.7723
25.4711
25.4388
25.3807
25.4395
25.3757
25.3965
25.3836
25.4209
25.489
25.4603
25.9107
26.1732
26.313
26.1502
26.2851
26.2277
26.1251
26.0484
26.0491
25.9767
25.8834
25.8182
25.5865
25.6912
25.7185
25.7837
25.7924
25.8347
25.7873
25.7214
25.6518
25.347
25.1361
25.2688
25.0709
25.0766
24.8328
24.7438
24.7768
24.7833
24.784
24.822
24.7639
24.69
24.4498
24.4412
24.4885
24.6162
24.4727
24.6111
24.5251
24.5509
24.6406
24.5466
27.5839
27.6922
27.6427
27.6599
27.6585
27.5365
27.6068
27.6628
27.6915
27.5387
27.566
27.4605
27.5459
27.6484
27.7703
27.7173
27.7797
27.7409
27.5573
27.6613
27.5473
27.4333
27.3135
27.2088
27.1572
27.1421
27.1485
27.041
27.0747
26.97
26.8724
26.8237
26.8545
26.8165
26.8875
26.9341
26.8925
26.9176
26.8595
26.6917
26.7484
26.7613
26.7613
26.8567
26.6444
26.7462
27.0883
27.0948
27.094
27.013
27.0374
26.919
26.7842
26.5411
26.3639
26.2463
26.1294
26.0305
25.9394
26.0362
25.92
25.9487
26.1567
26.1803
26.1674
25.963
25.8662
25.5571
25.4567
25.3341
25.4201
25.3757
25.4581
25.5464
25.3663
25.9681
26.0527
26.2298
26.3252
26.2937
26.3051
26.1847
26.1653
26.1251
26.0735
25.9552
25.8698
25.6633
25.5966
25.5743
25.7651
25.6109
25.7386
25.6288
25.7486
25.7981
25.6798
25.5772
25.276
25.0802
25.0809
24.9913
24.916
24.8378
24.7438
24.7969
24.7202
24.8392
24.7696
24.7402
24.5997
24.5588
24.4103
24.3809
24.4527
24.3752
24.4089
24.4598
24.566
24.4713
24.4964
27.4792
27.6111
27.6714
27.6599
27.6678
27.5982
27.6233
27.6291
27.6642
27.581
27.5609
27.4785
27.5824
27.6326
27.7539
27.6778
27.6606
27.746
27.6248
27.6477
27.505
27.401
27.3522
27.2217
27.0732
27.1421
27.1385
27.0517
27.0955
26.9018
26.8925
26.8552
26.8588
26.8165
26.9269
26.9427
26.9018
26.9477
26.9011
26.8509
26.8036
26.7778
26.8638
26.8918
26.724
26.8983
27.0883
27.165
27.0826
27.0252
27.0281
26.919
26.8007
26.6178
26.4572
26.1803
26.0893
25.9752
26.0168
26.034
26.1603
25.9487
25.9372
26.062
26.2062
26.1144
25.8662
25.6948
25.5413
25.3972
25.6948
25.4818
25.7701
25.9652
25.8641
26.1301
26.2973
26.2083
26.2549
26.2248
26.2241
26.204
26.1947
26.0211
25.9014
25.8827
25.8002
25.5636
25.5033
25.6331
25.7651
25.6998
25.7852
25.5499
25.6783
25.5958
25.428
25.5772
25.2552
24.784
24.8328
24.7087
24.6778
24.8227
24.7826
24.7833
24.6972
24.7137
24.6793
24.6764
24.2992
24.3372
24.3702
24.3809
24.4448
24.2877
24.4634
24.1887
24.3809
24.2726
24.2691
27.4792
27.6427
27.6434
27.6391
27.6219
27.6319
27.553
27.571
27.6197
27.5989
27.5817
27.5308
27.6147
27.7417
27.7539
27.6685
27.7036
27.7223
27.6986
27.6578
27.4863
27.373
27.1772
27.2253
27.1335
27.0489
27.0539
27.0173
26.9951
26.9427
26.9499
26.8459
26.9198
26.866
26.9822
26.8875
26.8932
26.8925
26.9011
26.8861
27.046
26.8165
26.9743
27.0015
26.8186
27.079
27.198
27.1715
27.1285
27.0912
27.1901
26.9635
26.9771
26.8459
26.4895
26.331
26.0893
26.1
26.2284
26.2463
26.4127
26.2334
26.3776
26.407
26.0885
26.2047
25.9989
25.6575
25.9731
25.9365
26.0183
25.8547
26.0857
26.1388
26.1072
26.1925
26.3424
26.2535
26.2549
26.2721
26.2549
26.28
25.92
25.9867
25.8885
25.6941
25.7034
25.5507
25.5585
25.7013
25.6848
25.7802
25.7708
25.6088
25.2989
25.2387
25.205
25.3814
25.1598
24.7058
24.566
24.5459
24.7151
24.6441
24.6857
24.7008
24.6972
24.7101
24.6434
24.3028
24.1672
24.2884
24.2834
24.3544
24.3336
24.2877
24.1134
24.008
24.1765
24.0417
24.0768
27.444
27.6628
27.6047
27.6456
27.5738
27.6032
27.586
27.5301
27.6075
27.6025
27.5652
27.6183
27.6778
27.7008
27.8048
27.7417
27.7589
27.728
27.761
27.5294
27.4383
27.2525
27.1772
27.2389
27.0603
27.0897
27.0388
26.9908
26.9398
26.9542
26.9499
26.8818
26.8975
26.8896
26.9477
26.8524
26.9147
26.9678
26.9736
27.1263
27.2999
27.0833
27.0481
27.1693
27.0331
27.2059
27.231
27.1923
27.15
27.165
27.2109
27.117
27.1213
27.0948
26.7577
26.4077
26.1509
25.9917
26.2693
26.4364
26.5899
26.5447
26.5497
26.6401
26.3553
26.3675
25.981
26.0111
26.2162
26.194
26.2011
26.1933
26.2363
26.1388
26.2363
26.4228
26.2535
26.1201
26.2191
26.2435
26.2334
26.0749
25.91
25.9422
25.6747
25.6941
25.5636
25.6181
25.6052
25.669
25.7278
25.7637
25.7708
25.3828
25.1598
25.0802
25.1498
25.2078
25.0113
24.7058
24.5925
24.5401
24.457
24.4397
24.6047
24.6319
24.6377
24.6764
24.5
24.1392
24.231
24.2683
24.2741
24.2992
24.2533
24.0675
23.9951
23.8732
23.9571
23.8818
23.8488
27.368
27.6047
27.5853
27.6298
27.6119
27.6162
27.5559
27.5315
27.5602
27.6011
27.5236
27.6183
27.7036
27.7237
27.8076
27.7388
27.8636
27.7359
27.761
27.505
27.3881
27.2511
27.1622
27.1722
27.0611
27.1278
26.9915
26.9599
26.8602
26.914
26.9061
26.8939
26.9277
26.8889
26.8968
26.8947
26.9291
27.1263
27.079
27.2762
27.4125
27.2726
27.1959
27.1693
27.1873
27.2999
27.2518
27.2303
27.2109
27.1973
27.1801
27.2188
27.2999
27.0711
26.8889
26.8803
26.2169
26.0491
26.493
26.5483
26.7053
26.6401
26.6953
26.5397
26.5224
26.4651
26.2112
26.3374
26.2162
26.2614
26.2076
26.4249
26.4378
26.2678
26.3274
26.27
26.28
26.1065
26.1897
26.2098
26.2248
26.1502
25.9501
25.9186
25.8935
25.6676
25.6417
25.5951
25.6948
25.7687
25.6826
25.8877
25.6231
25.5901
25.2803
25.2674
25.1914
25.1576
24.8851
24.8514
24.7991
24.5531
24.3185
24.3565
24.5473
24.6162
24.614
24.647
24.5
24.3874
24.2927
24.3092
24.2798
24.2389
24.1342
24.0001
23.9463
23.8732
23.856
23.8065
23.8086
27.2576
27.5365
27.6864
27.6298
27.5437
27.5882
27.4878
27.5265
27.4878
27.5344
27.581
27.6398
27.7338
27.6829
27.7811
27.7209
27.7431
27.6907
27.6326
27.505
27.3938
27.2109
27.1715
27.15
27.1113
27.0761
26.9513
26.9061
26.9011
26.9398
26.9212
26.9599
26.9635
26.9377
27.0238
26.8947
27.1765
27.2848
27.2662
27.3537
27.4024
27.3709
27.3874
27.3515
27.3874
27.3157
27.2389
27.2525
27.2109
27.1328
27.0438
27.2102
27.2626
27.0711
27.1564
27.0976
26.7419
26.7118
26.493
26.5927
26.79
26.7197
26.6551
26.5397
26.5698
26.4751
26.4385
26.3761
26.3252
26.3202
26.26
26.4228
26.3001
26.3453
26.227
26.2951
26.3489
26.3274
26.2449
26.2011
26.2248
26.2047
25.75
25.8684
26.057
25.8669
25.3699
25.5951
25.5449
25.7199
25.7414
25.8103
25.5399
25.555
25.2803
25.1749
25.1175
25.1153
24.9898
24.9203
24.685
24.5531
24.4247
24.4627
24.4785
24.5122
24.6226
24.5222
24.4297
24.472
24.2927
24.2884
24.2009
24.226
23.9721
23.9664
23.9327
23.937
23.8402
23.8065
23.6551
27.269
27.449
27.5738
27.6434
27.6032
27.6391
27.5136
27.5875
27.4878
27.6527
27.6456
27.7173
27.7137
27.6821
27.7151
27.6226
27.6398
27.6147
27.5301
27.4799
27.3702
27.198
27.1952
27.117
27.0797
27.0876
26.9628
26.9061
26.8839
26.9901
26.932
27.0065
26.9621
26.9901
27.051
27.0797
27.3472
27.3881
27.4863
27.3336
27.2224
27.292
27.2403
27.3013
27.3307
27.3221
27.325
27.3264
27.1342
27.1478
27.046
27.2038
27.2784
27.2317
27.1299
27.1572
26.9298
26.8918
26.6415
26.7978
26.8997
26.5002
26.615
26.6752
26.5827
26.3102
26.3317
26.3553
26.4299
26.4385
26.3898
26.3625
26.2277
26.2284
26.2442
26.2951
26.2298
26.3596
26.4199
26.3353
26.2076
25.9401
25.9767
25.7981
26.1897
25.9602
25.6625
25.3678
25.6353
25.6303
25.6697
25.6303
25.5435
25.4352
25.4997
25.2602
25.0967
25.045
25.0651
24.9934
24.8414
24.5753
24.4648
24.3601
24.4125
24.3451
24.566
24.505
24.6183
24.3723
24.3616
24.2217
24.188
24.1192
24.1328
24.0274
23.9413
23.8638
23.8975
23.625
-999
27.2762
27.2619
27.5201
27.7036
27.6291
27.6391
27.5724
27.5774
27.5674
27.7087
27.6778
27.7675
27.6176
27.5738
27.6291
27.5509
27.5401
27.5573
27.4247
27.3451
27.3207
27.1435
27.2009
27.1414
27.0481
26.9764
26.9011
26.9592
26.9147
26.9822
26.9083
26.9334
26.9549
27.0159
27.2038
27.2949
27.434
27.3113
27.3608
27.2231
27.2224
27.0933
27.2188
27.2317
27.2633
27.2977
27.3953
27.3027
27.259
27.226
27.3702
27.2016
27.3902
27.2949
27.2999
27.1378
26.9779
26.9499
26.79
26.9147
27.0001
26.7412
26.5397
26.4852
26.5748
26.4012
26.5497
26.5203
26.4113
26.4299
26.3898
26.2284
26.1201
26.1717
26.3202
26.4572
26.1753
26.166
26.2937
26.2499
26.2133
26.1402
25.9767
26.0728
26.27
26.1452
25.7292
25.5528
25.6697
25.7952
25.6726
25.5277
25.626
25.2932
25.2286
25.3886
25.0967
25.0415
25.096
24.9489
24.8148
24.4928
24.5538
24.3601
24.4189
24.2698
24.5832
24.4103
24.4785
24.292
24.3322
24.2224
24.188
24.1249
24.0525
24.0051
23.7785
23.9248
23.7498
-999
-999
27.373
27.2439
27.3938
27.7252
27.7201
27.6047
27.6083
27.5954
27.5939
27.7739
27.746
27.7101
27.5911
27.571
27.5588
27.5373
27.5401
27.4347
27.4161
27.3142
27.292
27.16
27.2074
27.0639
27.0481
26.98
26.9987
26.9097
26.9829
26.9341
26.8653
26.9714
26.9549
27.2023
27.3121
27.3953
27.2647
27.1299
27.1737
27.0912
27.1787
27.1077
27.1514
27.1435
27.249
27.2977
27.3558
27.3687
27.3278
27.287
27.3702
27.3365
27.2977
27.32
27.2353
27.16
27.1586
27.1249
26.9771
26.9987
27.0001
26.805
26.5798
26.407
26.5354
26.4012
26.4199
26.4378
26.5597
26.455
26.3016
26.085
26.1717
26.2499
26.2951
26.2298
25.92
26.0226
26.2951
26.2765
26.2341
26.194
26.3353
26.1732
26.265
26.095
25.9652
25.3699
25.3563
25.7952
25.8296
25.8153
25.6102
25.4424
25.3075
25.6403
25.276
25.1347
24.9339
25.0537
24.6248
24.5782
24.4849
24.4347
24.3953
24.2698
24.2497
24.1156
24.3522
24.1973
24.2683
24.107
24.1077
24.008
24.0525
23.7907
23.4923
23.5849
-999
-999
-999
27.4978
27.3436
27.3938
27.7173
27.7811
27.6484
27.637
27.6893
27.6613
27.7703
27.789
27.7947
27.5954
27.5975
27.4698
27.5358
27.5215
27.4476
27.34
27.2776
27.2368
27.226
27.1672
27.1012
27.1249
27.046
27.1012
26.9901
26.9463
26.9642
26.876
27.145
27.0926
27.2662
27.3608
27.3293
27.0374
26.9377
26.9922
26.9169
27.0123
27.0087
27.0101
27.1493
27.3429
27.3494
27.4189
27.3494
27.434
27.4569
27.3737
27.3988
27.4383
27.3902
27.1815
27.16
27.1952
27.0302
27.0202
27.0697
26.8631
26.8136
26.4765
26.4142
26.3876
26.3596
26.4314
26.2549
26.4034
26.2643
26.0871
26.0749
26.247
26.4177
26.4149
26.2557
25.7967
26.0226
26.0649
26.2349
26.2585
26.2592
26.275
26.2628
26.1431
26.085
26.0398
25.2853
25.4151
25.7651
25.8827
25.7902
25.7436
25.5951
25.4029
25.4754
25.4101
25.1247
24.9339
24.7517
24.675
24.5014
24.4154
24.4548
24.2712
24.3178
24.4197
24.0101
24.112
24.0647
24.249
24.15
24.0152
23.9047
23.7326
23.6888
-999
-999
-999
-999
-999
27.5954
27.4397
27.3673
27.6463
27.817
27.7309
27.7689
27.7388
27.7187
27.6427
27.7166
27.8033
27.7087
27.5975
27.4899
27.5365
27.4935
27.4949
27.3737
27.325
27.249
27.236
27.2568
27.1679
27.1306
27.0697
27.0833
26.9822
26.9958
27.0309
27.0869
27.2403
27.2403
27.32
27.2224
27.1643
26.9929
26.9377
26.739
26.8724
26.871
26.8753
26.9951
27.145
27.4125
27.3587
27.439
27.3924
27.472
27.3501
27.4376
27.4361
27.4053
27.358
27.2776
27.34
27.3049
27.1493
26.8653
26.9721
26.9298
26.8638
26.6501
26.5103
26.4407
26.4077
26.5303
26.4349
26.3934
25.9989
25.9365
26.0426
26.247
26.3711
26.4012
26.2643
25.9006
25.7543
25.976
26.27
26.2499
26.2973
26.2571
26.1502
26.1431
26.1
26.1502
26.0297
25.9652
25.8813
25.9573
25.7902
25.6511
25.3147
25.3133
25.3957
25.0888
24.9891
24.9439
24.7209
24.4613
24.4641
24.4003
24.3659
24.3106
24.1873
23.9994
24.0101
23.9406
23.8839
24.1321
24.0568
23.8022
23.6351
23.7799
23.7297
-999
-999
-999
-999
-999
-999
-999
27.4333
27.6319
27.8277
27.8026
27.8213
27.8743
27.761
27.7223
27.7639
27.7639
27.7653
27.7022
27.5373
27.5473
27.4189
27.4964
27.3888
27.3207
27.2984
27.236
27.2475
27.2038
27.1622
27.1206
27.1227
27.0116
27.0847
27.0309
27.259
27.2748
27.3063
27.2633
27.1729
27.1113
26.9219
26.8172
26.7025
26.848
26.8251
26.9248
26.9951
27.145
27.368
27.3551
27.4792
27.4914
27.4777
27.4383
27.472
27.3988
27.3228
27.2676
27.1801
27.2576
27.1299
27.0711
26.9528
27.0187
26.8473
26.9843
26.6759
26.5103
26.455
26.4952
26.4945
26.4349
26.3281
25.8999
25.7608
25.925
26.1961
26.3403
26.45
26.2951
26.1689
25.6876
25.8124
26.27
26.1101
26.3747
26.2628
26.1875
26.1531
26.0634
26.0548
26.1151
26.0599
25.9838
26.0398
25.7278
25.555
25.2537
25.2803
25.2724
24.9353
24.8328
24.7058
24.5452
24.4613
24.4856
24.2985
24.325
24.325
24.2188
24.0023
23.98
23.9097
23.8344
23.9377
23.9578
23.7469
23.785
23.8108
-999
-999
-999
-999
-999
-999
-999
-999
-999
-999
-999
27.8966
27.9202
27.8198
27.8901
27.7825
27.7639
27.7058
27.8184
27.5609
27.5903
27.6312
27.4376
27.4526
27.3443
27.4003
27.2798
27.2913
27.1988
27.1937
27.1715
27.1536
27.1858
27.0819
27.1665
27.1234
27.33
27.1751
27.3099
27.1815
27.0983
26.9757
26.8911
26.8932
26.795
26.8251
26.7978
26.9126
27.0352
27.254
27.4003
27.3537
27.4462
27.4914
27.5918
27.5222
27.4706
27.406
27.3228
27.1686
27.1234
27.1794
27.1213
27.0711
26.9944
27.0252
26.8889
26.9542
26.6759
26.493
26.4801
26.5103
26.5827
26.45
26.085
25.6862
25.4703
25.7716
26.2815
26.374
26.4228
26.4235
26.3317
25.8648
25.6977
26.1703
26.2449
26.2743
26.265
26.1961
26.1639
26.0957
26.0548
25.9881
25.9645
25.9673
25.9035
25.6927
25.522
25.2537
25.3649
25.215
24.9877
24.8543
24.7151
24.5079
24.3365
24.3917
24.3099
24.401
24.2812
24.2583
24.1851
23.9327
23.9865
23.8344
23.8057
23.8481
23.9434
23.9026
23.8301
-999
-999
-999
-999
-999
-999
-999
-999
-999
-999
-999
-999
-999
-999
-999
-999
27.8012
27.695
27.7847
27.7689
27.7761
27.6413
27.4239
27.4899
27.3443
27.4053
27.325
27.32
27.1435
27.1686
27.226
27.1708
27.1858
27.1091
27.2497
27.2518
27.3264
27.1701
27.2267
27.046
27.0983
26.8724
26.899
26.7584
26.7914
26.8875
26.8559
27.0424
27.0797
27.3013
27.3494
27.4225
27.4627
27.5373
27.4935
27.5021
27.5774
27.368
27.2741
27.1249
27.1851
27.1529
27.0826
27.0245
27.0352
26.9635
26.9011
26.843
26.6099
26.3869
26.4902
26.4249
26.4687
26.3532
26.0749
25.6547
25.4503
25.986
26.2965
26.4622
26.4228
26.4213
26.4335
26.1732
25.679
26.1402
26.2528
26.3051
26.2277
26.2255
26.1617
26.0792
26.0283
25.976
25.9803
26.0247
25.9803
25.7163
25.2301
25.1031
25.385
25.1333
25.0192
24.8206
24.6922
24.5652
24.4433
24.3673
24.3099
24.3078
24.2067
24.2877
24.1249
24.084
23.9922
23.833
23.5863
23.8481
23.8997
-999
-999
-999
-999
-999
-999
-999
-999
-999
-999
-999
-999
-999
-999
-999
-999
-999
-999
-999
-999
-999
27.8098
27.8098
27.538
27.4541
27.3888
27.4089
27.4598
27.3623
27.3278
27.1557
27.2282
27.1543
27.2411
27.1478
27.2303
27.2798
27.2977
27.1442
27.1629
27.2224
26.9901
27.0288
26.7828
26.9069
26.8287
26.8688
26.8875
27.0273
27.1686
27.1579
27.3078
27.2339
27.411
27.4863
27.5609
27.5911
27.5588
27.51
27.4118
27.1765
27.0732
27.1966
27.2949
27.1184
27.074
26.9965
27.008
26.8559
26.6881
26.4249
26.4213
26.3503
26.4249
26.4902
26.2549
26.095
25.6547
25.6503
26.1803
26.331
26.5282
26.5461
26.4335
26.412
25.963
25.6274
25.8863
26.0147
26.3051
26.1531
26.1388
26.0649
26.0276
25.9473
26.0706
25.9803
26.0283
25.9587
25.7178
25.2552
25.1885
25.2925
25.1333
25.1089
24.6829
24.7108
24.4928
24.4476
24.2784
24.1823
24.2461
24.1529
24.1478
24.0725
24.0747
24.0058
23.7821
23.5425
23.5382
-999
-999
-999
-999
-999
-999
-999
-999
-999
-999
-999
-999
-999
-999
-999
-999
-999
-999
-999
-999
-999
-999
-999
-999
27.538
27.449
27.3651
27.4261
27.3773
27.3587
27.3135
27.2052
27.2274
27.1772
27.3006
27.2533
27.3027
27.2561
27.3099
27.1328
27.1615
27.1737
26.9241
26.9499
26.7799
26.9664
26.8237
26.9614
26.9334
27.155
27.3113
27.2762
27.4397
27.2339
27.3852
27.3953
27.5982
27.614
27.5803
27.6226
27.3278
27.2726
27.155
27.2834
27.1478
27.1077
26.9893
27.0639
27.008
26.8775
26.7498
26.6501
26.564
26.3503
26.4235
26.3898
26.1703
26.0498
25.7673
25.9114
26.3417
26.4357
26.5762
26.5827
26.4801
26.5153
25.717
25.5736
25.7902
26.0498
25.9716
25.9422
25.9487
26.0147
25.981
26.0197
25.996
26.0348
26.0419
25.7586
25.6066
25.1462
25.1935
25.2781
25.2028
24.7603
24.5301
24.6628
24.3243
24.3042
24.0266
24.1421
24.1844
24.1529
24.1378
24.1163
24.0604
23.7649
23.6731
23.4522
23.5547
-999
-999
-999
-999
-999
-999
-999
-999
-999
-999
-999
-999
-999
-999
-999
-999
-999
-999
-999
-999
-999
-999
-999
-999
-999
-999
-999
27.4318
27.3436
27.3106
27.2174
27.1765
27.2274
27.2224
27.3085
27.2949
27.2712
27.2698
27.2253
27.1091
27.1615
27.1177
27.0976
26.876
26.8789
26.9384
26.8452
27.145
27.0797
27.3013
27.3759
27.396
27.3759
27.3099
27.4577
27.5703
27.5853
27.5552
27.5803
27.5903
27.2002
27.1478
27.2511
27.2834
27.1615
27.0073
27.1249
27.0826
26.9119
26.97
26.795
26.795
26.7799
26.4765
26.5361
26.455
26.1983
25.9301
26.0498
26.3403
26.5827
26.5626
26.5848
26.4959
26.4636
26.5153
25.6912
25.4617
25.6833
25.7945
25.9473
25.8849
25.9487
25.981
25.8562
25.887
25.8942
26.0348
25.9444
25.7586
25.2996
25.1239
25.2272
25.1662
24.855
24.2934
24.5301
24.5538
24.2361
24.117
24.0231
24.1206
24.0582
24.107
23.9987
24.1163
24.0202
23.805
23.587
23.085
-999
-999
-999
-999
-999
-999
-999
-999
-999
-999
-999
-999
-999
-999
-999
-999
-999
-999
-999
-999
-999
-999
-999
-999
-999
-999
-999
-999
-999
-999
-999
27.2253
27.1048
27.2353
27.1988
27.2769
27.2619
27.2152
27.1916
27.1751
27.0503
27.1937
27.1249
27.1026
27.0374
26.942
26.9384
27.008
27.2525
27.1866
27.4283
27.401
27.4684
27.3788
27.4311
27.5122
27.5516
27.6972
27.5903
27.6111
27.2827
27.3013
27.1901
27.2447
27.3321
27.1048
27.0223
27.0948
27.0768
26.8638
26.7218
26.5863
26.7025
26.7197
26.6752
26.7548
26.6128
26.4902
26.6322
26.3847
26.5698
26.5827
26.5432
26.4873
26.4378
26.4077
26.2047
25.6353
25.4194
25.6224
25.7221
25.7594
25.7077
25.821
25.8418
25.5801
25.7307
25.6941
25.9279
25.7802
25.4732
25.134
25.0874
25.2365
25.007
24.4706
24.3157
24.3558
24.4211
24.0202
24.008
23.9807
24.0202
24.0051
24.0288
23.9535
23.9815
23.7885
23.7233
23.6523
-999
-999
-999
-999
-999
-999
-999
-999
-999
-999
-999
-999
-999
-999
-999
-999
-999
-999
-999
-999
-999
-999
-999
-999
-999
-999
-999
-999
-999
-999
-999
-999
-999
-999
-999
-999
-999
27.2597
27.2611
27.1916
27.1923
27.051
27.1328
27.0266
27.1098
27.0582
26.9449
26.9628
27.0998
27.2698
27.411
27.5674
27.401
27.4297
27.3737
27.4655
27.4526
27.5839
27.6197
27.5997
27.6649
27.2949
27.2497
27.1887
27.155
27.1823
27.1586
27.0288
27.0697
26.8251
26.7735
26.5899
26.5576
26.5497
26.4364
26.5999
26.6501
26.6128
26.3797
26.6322
26.615
26.5031
26.5497
26.4113
26.4973
26.412
26.2435
25.9989
25.6468
25.4194
25.466
25.73
25.8182
25.7579
25.6668
25.5299
25.4754
25.5844
25.3692
25.5148
25.39
25.3628
25.1584
25.0874
25.1605
24.8184
24.2927
24.1478
24.226
24.2339
24.0202
23.9427
23.8818
23.8997
23.8495
23.942
23.9219
23.8897
23.762
23.7233
-999
-999
-999
-999
-999
-999
-999
-999
-999
-999
-999
-999
-999
-999
-999
-999
-999
-999
-999
-999
-999
-999
-999
-999
-999
-999
-999
-999
-999
-999
-999
-999
-999
-999
-999
-999
-999
-999
-999
-999
27.178
27.2124
27.2203
27.1701
27.1851
27.0374
26.9571
27.0173
27.15
27.3902
27.4498
27.4849
27.5552
27.5387
27.477
27.401
27.5014
27.4677
27.5839
27.6348
27.5301
27.5236
27.2052
27.2497
27.155
27.117
27.0998
27.1148
27.0288
26.9248
26.4048
26.5038
26.5217
26.5576
26.4866
26.2528
26.5354
26.4263
26.5834
26.5318
26.3747
26.4981
26.4486
26.5411
26.4479
26.6437
26.5676
25.9573
25.7651
25.6561
25.3061
25.4158
25.6109
25.8067
25.6518
25.4632
25.4424
25.4754
25.319
25.1713
25.3412
25.2243
25.2473
25.1318
25.139
25.0788
24.817
24.4613
24.0783
24.1751
24.0933
23.9599
23.8524
23.8187
23.752
23.6523
23.7613
23.6788
23.7821
23.6501
23.5304
-999
-999
-999
-999
-999
-999
-999
-999
-999
-999
-999
-999
-999
-999
-999
-999
-999
-999
-999
-999
-999
-999
-999
-999
-999
-999
-999
-999
-999
-999
-999
-999
-999
-999
-999
-999
-999
-999
-999
-999
-999
-999
-999
27.15
27.1098
27.0374
26.8402
26.8753
27.155
27.1098
27.4648
27.4447
27.5602
27.4426
27.4978
27.4698
27.4569
27.2984
27.5652
27.6032
27.6879
27.5674
27.2662
27.2375
27.1851
27.0761
26.8896
26.9327
27.0073
26.5834
26.4378
26.412
26.2721
26.4048
26.1789
26.1151
26.2951
26.1
26.4601
26.4471
26.4765
26.5899
26.6652
26.5253
26.5289
26.6437
26.3898
25.9064
25.7465
25.4058
25.3585
25.4008
25.309
25.7586
25.2817
25.3298
25.3843
25.39
25.215
25.0587
25.2086
25.0099
25.1863
25.1024
25.1541
25.0866
24.9102
24.6549
24.3429
24.1507
24.051
23.8961
23.8452
23.8187
23.7763
23.7025
23.5268
23.6049
23.6702
-999
-999
-999
-999
-999
-999
-999
-999
-999
-999
-999
-999
-999
-999
-999
-999
-999
-999
-999
-999
-999
-999
-999
-999
-999
-999
-999
-999
-999
-999
-999
-999
-999
-999
-999
-999
-999
-999
-999
-999
-999
-999
-999
-999
-999
-999
-999
-999
-999
-999
27.1335
27.3953
27.4648
27.6248
27.5487
27.5351
27.5201
27.2353
27.2949
27.3924
27.5473
27.6126
27.6183
27.5315
27.1801
27.1866
27.1005
26.8251
26.8265
26.7276
26.6652
26.2334
26.1524
26.265
26.171
26.1201
25.9838
26.1251
26.1524
26.0986
26.1775
26.2973
26.4765
26.4973
26.45
26.6852
26.3647
26.4507
26.171
25.7149
25.5048
25.3549
25.3628
25.281
25.309
25.286
25.0967
25.309
25.309
25.2408
25.0658
25.0587
25.1089
24.9662
25.0701
24.9726
25.1928
25.1376
24.9102
24.7567
24.5014
24.2024
23.9528
23.9047
23.7649
23.8717
23.7426
23.7025
23.5253
-999
-999
-999
-999
-999
-999
-999
-999
-999
-999
-999
-999
-999
-999
-999
-999
-999
-999
-999
-999
-999
-999
-999
-999
-999
-999
-999
-999
-999
-999
-999
-999
-999
-999
-999
-999
-999
-999
-999
-999
-999
-999
-999
-999
-999
-999
-999
-999
-999
-999
-999
-999
-999
-999
27.4297
27.4799
27.34
27.5287
27.5416
27.2353
27.1801
27.6183
27.5954
27.5523
27.6685
27.5064
27.2812
27.226
27.0747
26.9341
26.6867
26.4758
26.0943
26.0161
26.0075
25.9078
25.8533
26.0125
26.0197
26.1251
26.0534
26.0799
26.0527
26.0097
26.1653
26.27
26.0577
26.1997
25.9437
25.915
25.8999
25.7149
25.3778
25.3097
25.2416
25.139
25.1039
25.0666
25.1182
25.3348
25.22
25.1627
24.9052
24.9697
24.9439
24.6484
24.8672
24.7259
24.9812
24.9167
24.9583
24.5939
24.5014
24.1686
23.7957
23.8201
23.7147
23.8179
23.5633
23.6437
-999
-999
-999
-999
-999
-999
-999
-999
-999
-999
-999
-999
-999
-999
-999
-999
-999
-999
-999
-999
-999
-999
-999
-999
-999
-999
-999
-999
-999
-999
-999
-999
-999
-999
-999
-999
-999
-999
-999
-999
-999
-999
-999
-999
-999
-999
-999
-999
-999
-999
-999
-999
-999
-999
-999
-999
-999
-999
27.4397
27.4347
27.2203
27.0417
27.548
27.5581
27.5523
27.6685
27.6126
27.325
27.1249
26.9822
26.9341
26.7828
26.625
26.1423
26.0455
26.0075
25.7622
25.9465
26.0233
25.905
26.0878
26.1323
26.0197
25.9365
25.74
25.9301
25.8949
25.8203
25.7551
25.7127
25.8103
25.6977
25.6417
25.3169
25.2652
25.1318
24.9561
24.9927
25.0701
25.1182
25.22
25.1153
25.0831
24.8378
24.8672
24.6678
24.6484
24.5602
24.6097
24.7324
24.6011
24.6599
24.4527
24.4476
24.1651
23.9463
23.6336
23.6014
23.7319
23.3898
-999
-999
-999
-999
-999
-999
-999
-999
-999
-999
-999
-999
-999
-999
-999
-999
-999
-999
-999
-999
-999
-999
-999
-999
-999
-999
-999
-999
-999
-999
-999
-999
-999
-999
-999
-999
-999
-999
-999
-999
-999
-999
-999
-999
-999
-999
-999
-999
-999
-999
-999
-999
-999
-999
-999
-999
-999
-999
-999
-999
-999
-999
-999
-999
27.5516
27.6721
27.6836
27.5903
27.4684
27.2583
27.2138
26.9915
27.036
26.8043
26.1968
25.9953
25.7909
25.8648
25.9702
26.0513
26.0713
26.1667
26.0864
26.0678
25.8734
25.6252
25.7249
25.7335
25.8203
25.6403
25.7049
25.6088
25.73
25.2961
25.3534
25.2028
25.1333
24.8952
25.0235
25.0658
25.1397
25.1512
25.0321
25.0823
24.741
24.8966
24.7202
24.5272
24.548
24.6664
24.7001
24.6198
24.6341
24.3537
24.4749
24.2497
23.9463
23.549
23.4816
23.5763
-999
-999
-999
-999
-999
-999
-999
-999
-999
-999
-999
-999
-999
-999
-999
-999
-999
-999
-999
-999
-999
-999
-999
-999
-999
-999
-999
-999
-999
-999
-999
-999
-999
-999
-999
-999
-999
-999
-999
-999
-999
-999
-999
-999
-999
-999
-999
-999
-999
-999
-999
-999
-999
-999
-999
-999
-999
-999
-999
-999
-999
-999
-999
-999
-999
-999
-999
27.6398
27.5824
27.4727
27.2611
27.3953
27.0847
27.036
26.9226
26.4938
26.3489
25.9595
25.9451
26.0398
26.024
26.014
26.1624
26.0778
26.0678
25.9214
25.7077
25.6597
25.8397
25.7127
25.73
25.6231
25.6367
25.6661
25.2753
25.3864
25.2028
25.1684
24.855
24.9188
24.9339
25.0529
25.0343
25.0321
24.8744
24.7488
24.7933
24.6097
24.6986
24.6563
24.6664
24.718
24.6585
24.6061
24.2934
24.4806
24.3063
23.9377
23.6308
23.4299
23.2851
-999
-999
-999
-999
-999
-999
-999
-999
-999
-999
-999
-999
-999
-999
-999
-999
-999
-999
-999
-999
-999
-999
-999
-999
-999
-999
-999
-999
-999
-999
-999
-999
-999
-999
-999
-999
-999
-999
-999
-999
-999
-999
-999
-999
-999
-999
-999
-999
-999
-999
-999
-999
-999
-999
-999
-999
-999
-999
-999
-999
-999
-999
-999
-999
-999
-999
-999
-999
-999
-999
27.363
27.4196
27.2884
27.0689
26.9226
26.8997
26.8265
26.1739
26.0147
26.0398
26.0426
26.1552
26.1531
26.1373
26.0964
25.9967
25.8734
25.6898
25.8232
25.575
25.7859
25.8411
25.745
25.8189
25.3678
25.4452
25.2817
25.129
24.8622
24.8041
24.8385
24.9568
24.959
24.9647
24.8815
24.8263
24.7826
24.5739
24.5918
24.5459
24.6499
24.7065
24.6162
24.5201
24.0725
24.2977
23.9657
23.9227
23.6652
23.4299
-999
-999
-999
-999
-999
-999
-999
-999
-999
-999
-999
-999
-999
-999
-999
-999
-999
-999
-999
-999
-999
-999
-999
-999
-999
-999
-999
-999
-999
-999
-999
-999
-999
-999
-999
-999
-999
-999
-999
-999
-999
-999
-999
-999
-999
-999
-999
-999
-999
-999
-999
-999
-999
-999
-999
-999
-999
-999
-999
-999
-999
-999
-999
-999
-999
-999
-999
-999
-999
-999
-999
-999
-999
-999
-999
26.876
26.9262
26.8782
26.4636
26.1603
25.996
25.9781
26.199
26.2413
26.1968
26.0778
26.0548
25.854
25.7271
25.976
25.7421
25.9401
25.8411
25.9702
25.7723
25.5951
25.4295
25.2903
25.2688
24.8622
25.0651
25.0852
25.0207
25.134
24.9991
24.9267
24.9389
24.784
24.6728
24.586
24.5466
24.5947
24.6291
24.6162
24.3214
23.8724
23.843
23.6049
23.6566
-999
-999
-999
-999
-999
-999
-999
-999
-999
-999
-999
-999
-999
-999
-999
-999
-999
-999
-999
-999
-999
-999
-999
-999
-999
-999
-999
-999
-999
-999
-999
-999
-999
-999
-999
-999
-999
-999
-999
-999
-999
-999
-999
-999
-999
-999
-999
-999
-999
-999
-999
-999
-999
-999
-999
-999
-999
-999
-999
-999
-999
-999
-999
-999
-999
-999
-999
-999
-999
-999
-999
-999
-999
-999
-999
-999
-999
-999
-999
-999
26.7211
-999
25.8712
26.0089
26.384
26.351
26.44
26.1402
26.1101
25.854
25.7414
25.8763
25.8024
25.8053
26.0484
26.0175
25.7873
25.7049
25.4825
25.3161
25.2502
25.0199
25.3176
25.2853
25.4201
25.0723
24.921
24.8349
24.9389
24.8234
24.586
24.6097
24.5904
24.5839
24.6176
24.5588
24.16
24.0051
23.7649
23.7297
23.5052
-999
-999
-999
-999
-999
-999
-999
-999
-999
-999
-999
-999
-999
-999
-999
-999
-999
-999
-999
-999
-999
-999
-999
-999
-999
-999
-999
-999
-999
-999
-999
-999
-999
-999
-999
-999
-999
-999
-999
-999
-999
-999
-999
-999
-999
-999
-999
-999
-999
-999
-999
-999
-999
-999
-999
-999
-999
-999
-999
-999
-999
-999
-999
-999
-999
-999
-999
-999
-999
-999
-999
-999
-999
-999
-999
-999
-999
-999
-999
-999
-999
-999
-999
-999
26.384
26.511
26.4012
26.2262
26.28
25.9953
25.9107
25.7952
25.6597
25.7802
25.8253
25.9652
25.7873
25.8103
25.6331
25.4373
25.3714
25.2652
25.4309
25.3828
25.4072
25.0199
24.9454
24.7775
24.9203
24.6578
24.4225
24.51
24.5774
24.6499
24.609
24.5531
24.1937
24.0051
23.7778
-999
-999
-999
-999
-999
-999
-999
-999
-999
-999
-999
-999
-999
-999
-999
-999
-999
-999
-999
-999
-999
-999
-999
-999
-999
-999
-999
-999
-999
-999
-999
-999
-999
-999
-999
-999
-999
-999
-999
-999
-999
-999
-999
-999
-999
-999
-999
-999
-999
-999
-999
-999
-999
-999
-999
-999
-999
-999
-999
-999
-999
-999
-999
-999
-999
-999
-999
-999
-999
-999
-999
-999
-999
-999
-999
-999
-999
-999
-999
-999
-999
-999
-999
-999
-999
-999
-999
-999
-999
26.3152
-999
26.0993
26.0362
26.0247
25.8899
26.0649
26.0663
25.8748
25.7665
25.9752
25.8017
25.5499
25.3843
25.4287
25.5198
25.3828
25.3083
24.8722
24.9224
24.8012
24.8722
24.4591
24.4225
24.3903
24.3752
24.6133
24.5473
24.5789
24.3028
24.1414
23.6953
-999
-999
-999
-999
-999
-999
-999
-999
-999
-999
-999
-999
-999
-999
-999
-999
-999
-999
-999
-999
-999
-999
-999
-999
-999
-999
-999
-999
-999
-999
-999
-999
-999
-999
-999
-999
-999
-999
-999
-999
-999
-999
-999
-999
-999
-999
-999
-999
-999
-999
-999
-999
-999
-999
-999
-999
-999
-999
-999
-999
-999
-999
-999
-999
-999
-999
-999
-999
-999
-999
-999
-999
-999
-999
-999
-999
-999
-999
-999
-999
-999
-999
-999
-999
-999
-999
-999
-999
-999
-999
-999
26.1
26.1875
26.0247
26.1603
26.1674
26.0247
25.9501
25.8347
25.8906
25.8763
25.7651
25.4962
25.5334
25.4438
25.4431
25.1203
24.8285
24.7912
24.8177
24.8428
24.5337
24.3551
24.2762
24.2992
24.3673
24.3293
24.4727
24.2203
24.1199
-999
-999
-999
-999
-999
-999
-999
-999
-999
-999
-999
-999
-999
-999
-999
-999
-999
-999
-999
-999
-999
-999
-999
-999
-999
-999
-999
-999
-999
-999
-999
-999
-999
-999
-999
-999
-999
-999
-999
-999
-999
-999
-999
-999
-999
-999
-999
-999
-999
-999
-999
-999
-999
-999
-999
-999
-999
-999
-999
-999
-999
-999
-999
-999
-999
-999
-999
-999
-999
-999
-999
-999
-999
-999
-999
-999
-999
-999
-999
-999
-999
-999
-999
-999
-999
-999
-999
-999
-999
-999
-999
-999
-999
-999
26.1847
-999
-999
26.0434
25.8426
25.9501
25.849
25.8763
25.816
25.6274
25.6123
25.4782
25.3879
25.1203
24.8285
24.7223
24.8213
24.7331
24.4562
24.3436
24.315
24.2992
24.1478
24.1486
24.2526
24.0431
-999
-999
-999
-999
-999
-999
-999
-999
-999
-999
-999
-999
-999
-999
-999
-999
-999
-999
-999
-999
-999
-999
-999
-999
-999
-999
-999
-999
-999
-999
-999
-999
-999
-999
-999
-999
-999
-999
-999
-999
-999
-999
-999
-999
-999
-999
-999
-999
-999
-999
-999
-999
-999
-999
-999
-999
-999
-999
-999
-999
-999
-999
-999
-999
-999
-999
-999
-999
-999
-999
-999
-999
-999
-999
-999
-999
-999
-999
-999
-999
-999
-999
-999
-999
-999
-999
-999
-999
-999
-999
-999
-999
-999
-999
-999
-999
-999
-999
-999
-999
25.8282
-999
25.783
25.7328
25.7063
25.7328
25.5019
25.3362
24.8686
24.7575
24.6728
24.822
24.7524
24.5351
24.3924
24.4275
24.2676
24.2067
24.1098
23.9628
-999
-999
-999
-999
-999
-999
-999
-999
-999
-999
-999
-999
-999
-999
-999
-999
-999
-999
-999
-999
-999
-999
-999
-999
-999
-999
-999
-999
-999
-999
-999
-999
-999
-999
-999
-999
-999
-999
-999
-999
-999
-999
-999
-999
-999
-999
-999
-999
-999
-999
-999
-999
-999
-999
-999
-999
-999
-999
-999
-999
-999
-999
-999
-999
-999
-999
-999
-999
-999
-999
-999
-999
-999
-999
-999
-999
-999
-999
-999
-999
-999
-999
-999
-999
-999
-999
-999
-999
-999
-999
-999
-999
-999
-999
-999
-999
-999
-999
-999
-999
-999
-999
-999
-999
-999
25.7063
25.5772
25.4488
25.1297
24.8414
24.6549
24.7087
24.822
24.7668
24.6986
24.5036
24.3974
24.3056
24.2619
24.1098
23.7477
-999
-999
-999
-999
-999
-999
-999
-999
-999
-999
-999
-999
-999
-999
-999
-999
-999
-999
-999
-999
-999
-999
-999
-999
-999
-999
-999
-999
-999
-999
-999
-999
-999
-999
-999
-999
-999
-999
-999
-999
-999
-999
-999
-999
-999
-999
-999
-999
-999
-999
-999
-999
-999
-999
-999
-999
-999
-999
-999
-999
-999
-999
-999
-999
-999
-999
-999
-999
-999
-999
-999
-999
-999
-999
-999
-999
-999
-999
-999
-999
-999
-999
-999
-999
-999
-999
-999
-999
-999
-999
-999
-999
-999
-999
-999
-999
-999
-999
-999
-999
-999
-999
-999
-999
-999
-999
-999
-999
25.3369
24.9353
24.713
24.8313
25.0027
24.9353
24.7797
24.6484
24.3515
24.3551
24.2827
24.1048
23.7498
-999
-999
-999
-999
-999
-999
-999
-999
-999
-999
-999
-999
-999
-999
-999
-999
-999
-999
-999
-999
-999
-999
-999
-999
-999
-999
-999
-999
-999
-999
-999
-999
-999
-999
-999
-999
-999
-999
-999
-999
-999
-999
-999
-999
-999
-999
-999
-999
-999
-999
-999
-999
-999
-999
-999
-999
-999
-999
-999
-999
-999
-999
-999
-999
-999
-999
-999
-999
-999
-999
-999
-999
-999
-999
-999
-999
-999
-999
-999
-999
-999
-999
-999
-999
-999
-999
-999
-999
-999
-999
-999
-999
-999
-999
-999
-999
-999
-999
-999
-999
-999
-999
-999
-999
-999
-999
-999
-999
-999
-999
24.959
25.0988
25.1498
24.9633
24.7797
24.6449
24.4964
24.4024
24.2138
-999
-999
-999
-999
-999
-999
-999
-999
-999
-999
-999
-999
-999
-999
-999
-999
-999
-999
-999
-999
-999
-999
-999
-999
-999
-999
-999
-999
-999
-999
-999
-999
-999
-999
-999
-999
-999
-999
-999
-999
-999
-999
-999
-999
-999
-999
-999
-999
-999
-999
-999
-999
-999
-999
-999
-999
-999
-999
-999
-999
-999
-999
-999
-999
-999
-999
-999
-999
-999
-999
-999
-999
-999
-999
-999
-999
-999
-999
-999
-999
-999
-999
-999
-999
-999
-999
-999
-999
-999
-999
-999
-999
-999
-999
-999
-999
-999
-999
-999
-999
-999
-999
-999
-999
-999
-999
-999
-999
-999
-999
-999
-999
-999
-999
25.1003
-999
24.8887
24.6334
24.5452
24.4032
24.1686
-999
-999
-999
-999
-999
-999
-999
-999
-999
-999
-999
-999
-999
-999
-999
-999
-999
-999
-999
-999
-999
-999
-999
-999
-999
-999
-999
-999
-999
-999
-999
-999
-999
-999
-999
-999
-999
-999
-999
-999
-999
-999
-999
-999
-999
-999
-999
-999
-999
-999
-999
-999
-999
-999
-999
-999
-999
-999
-999
-999
-999
-999
-999
-999
-999
-999
-999
-999
-999
-999
-999
-999
-999
-999
-999
-999
-999
-999
-999
-999
-999
-999
-999
-999
-999
-999
-999
-999
-999
-999
-999
-999
-999
-999
-999
-999
-999
-999
-999
-999
-999
-999
-999
-999
-999
-999
-999
-999
-999
-999
-999
-999
-999
-999
-999
-999
-999
-999
24.5452
24.4376
24.0001
-999
-999
-999
-999
-999
-999
-999
-999
-999
-999
-999
-999
-999
-999
-999
-999
-999
-999
-999
-999
-999
-999
-999
-999
-999
-999
-999
-999
-999
-999
-999
-999
-999
-999
-999
-999
-999
-999
-999
-999
-999
-999
-999
-999
-999
-999
-999
-999
-999
-999
-999
-999
-999
-999
-999
-999
-999
-999
-999
-999
-999
-999
-999
-999
-999
-999
-999
-999
-999
-999
-999
-999
-999
-999
-999
-999
-999
-999
-999
-999
-999
-999
-999
-999
-999
-999
-999
-999
-999
-999
-999
-999
-999
-999
-999
-999
-999
-999
-999
-999
-999
-999
-999
-999
-999
-999
-999
-999
-999
-999
-999
-999
-999
-999
-999
-999
-999
-999
-999
-999
-999
-999
-999
-999
-999
-999
-999
-999
-999
-999
-999
-999
-999
-999
-999
-999
-999
-999
-999
-999
-999
-999
-999
-999
-999
-999
-999
-999
-999
-999
-999
-999
-999
-999
-999
-999
-999
-999
-999
-999
-999
-999
-999
-999
-999
-999
-999
-999
-999
-999
-999
-999
-999
-999
-999
-999
-999
-999
-999
-999
-999
-999
-999
-999
-999
-999
-999
-999
-999
-999
-999
-999
-999
-999
-999
-999
-999
-999
-999
-999
-999
-999
-999
-999
-999
-999
-999
-999
-999
-999
-999
-999
-999
-999
-999
-999
-999
-999
-999
-999
-999
-999
-999
-999
-999
-999
-999
-999
-999
-999
-999
-999
-999
-999
-999
-999
-999
-999
-999
-999
-999
-999
-999
-999
-999
-999
-999
-999
-999
-999
-999
-999
-999
-999
-999
-999
-999
-999
-999
-999
-999
-999
-999
-999
-999
-999
-999
-999
-999
-999
-999
-999
-999
-999
-999
-999
-999
-999
-999
-999
-999
-999
-999
-999
-999
-999
-999
-999
-999
-999
-999
-999
-999
-999
-999
-999
-999
-999
-999
-999
-999
-999
-999
-999
-999
-999
-999
-999
-999
-999
-999
-999
-999
-999
-999
-999
-999
-999
-999
-999
-999
-999
-999
-999
-999
-999
-999
-999
-999
-999
-999
-999
-999
-999
-999
-999
-999
-999
-999
-999
-999
-999
-999
-999
-999
-999
-999
-999
-999
-999
-999
-999
-999
-999
-999
-999
-999
-999
-999
-999
-999
-999
-999
-999
-999
-999
-999
-999
-999
-999
-999
-999
-999
-999
-999
-999
-999
-999
-999
-999
-999
-999
-999
-999
-999
-999
-999
-999
-999
-999
-999
-999
-999
-999
-999
-999
-999
-999
-999
-999
-999
-999
-999
-999
-999
-999
-999
-999
-999
-999
-999
-999
-999
-999
-999
-999
-999
-999
-999
-999
-999
-999
-999
-999
-999
-999
-999
-999
-999
-999
-999
-999
-999
-999
-999
-999
-999
-999
-999
-999
-999
-999
-999
-999
-999
-999
-999
-999
-999
-999
-999
-999
-999
-999
-999
-999
-999
-999
-999
-999
-999
-999
-999
-999
-999
-999
-999
-999
-999
-999
-999
-999
-999
-999
-999
-999
-999
-999
-999
-999
-999
-999
-999
-999
-999
-999
-999
-999
-999
-999
-999
-999
-999
-999
-999
-999
-999
-999
-999
-999
-999
-999
-999
-999
-999
-999
-999
-999
-999
-999
-999
-999
-999
-999
-999
-999
-999
-999
-999
-999
-999
-999
-999
-999
-999
-999
-999
-999
-999
-999
-999
-999
-999
-999
-999
-999
-999
-999
-999
-999
-999
-999
-999
-999
-999
-999
-999
-999
-999
-999
-999
-999
-999
-999
-999
-999
-999
-999
-999
-999
-999
-999
-999
-999
-999
-999
-999
-999
-999
-999
-999
-999
-999
-999
-999
-999
-999
-999
-999
-999
-999
-999
-999
-999
-999
-999
-999
-999
-999
-999
-999
-999
-999
-999
-999
-999
-999
-999
-999
-999
-999
-999
-999
-999
-999
-999
-999
-999
-999
-999
-999
-999
-999
-999
-999
-999
-999
-999
-999
-999
-999
-999
-999
-999
-999
-999
-999
-999
-999
-999
-999
-999
-999
-999
-999
-999
-999
-999
-999
-999
-999
-999
-999
-999
-999
-999
-999
-999
-999
-999
-999
-999
-999
-999
-999
-999
-999
-999
-999
-999
-999
-999
-999
-999
-999
-999
-999
-999
-999
-999
-999
-999
-999
-999
-999
-999
-999
-999
-999
-999
-999
-999
-999
-999
-999
-999
-999
-999
-999
-999
-999
-999
-999
-999
-999
-999
-999
-999
-999
-999
-999
-999
-999
-999
-999
-999
-999
-999
-999
-999
-999
-999
-999
-999
-999
-999
-999
-999
-999
-999
-999
-999
-999
-999
-999
-999
-999
-999
-999
-999
-999
-999
-999
-999
-999
-999
-999
-999
-999
-999
-999
-999
-999
-999
-999
-999
-999
-999
-999
-999
-999
-999
-999
-999
-999
-999
-999
-999
-999
-999
-999
-999
-999
-999
-999
-999
-999
-999
-999
-999
-999
-999
-999
-999
-999
-999
-999
-999
-999
-999
-999
-999
-999
-999
-999
-999
-999
-999
-999
-999
-999
-999
-999
-999
-999
-999
-999
-999
-999
-999
-999
-999
-999
-999
-999
-999
-999
-999
-999
-999
-999
-999
-999
-999
-999
-999
-999
-999
-999
-999
-999
-999
-999
-999
-999
-999
-999
-999
-999
-999
-999
-999
-999
-999
-999
-999
-999
-999
-999
-999
-999
-999
-999
-999
-999
-999
-999
-999
-999
-999
-999
-999
-999
-999
-999
-999
-999
-999
-999
-999
-999
-999
-999
-999
-999
-999
-999
-999
-999
-999
-999
-999
-999
-999
-999
-999
-999
-999
-999
-999
-999
-999
-999
-999
-999
-999
-999
-999
-999
-999
-999
-999
-999
-999
-999
-999
-999
-999
-999
-999
-999
-999
-999
-999
-999
-999
-999
-999
-999
-999
-999
-999
-999
-999
-999
-999
-999
-999
-999
-999
-999
-999
-999
-999
-999
-999
-999
-999
-999
-999
-999
-999
-999
-999
-999
-999
-999
-999
-999
-999
-999
-999
-999
-999
-999
-999
-999
-999
-999
-999
-999
-999
-999
-999
-999
-999
-999
-999
-999
-999
-999
-999
-999
-999
-999
-999
-999
-999
-999
-999
-999
-999
-999
-999
-999
-999
-999
-999
-999
-999
-999
-999
-999
-999
-999
-999
-999
-999
-999
-999
-999
-999
-999
-999
-999
-999
-999
-999
-999
-999
-999
-999
-999
-999
-999
-999
-999
-999
-999
-999
-999
-999
-999
-999
-999
-999
-999
-999
-999
-999
-999
-999
-999
-999
-999
-999
-999
-999
-999
-999
-999
-999
-999
-999
-999
-999
-999
-999
-999
-999
-999
-999
-999
-999
-999
-999
-999
-999
-999
-999
-999
-999
-999
-999
-999
-999
-999
-999
-999
-999
-999
-999
-999
-999
-999
-999
-999
-999
-999
-999
-999
-999
-999
-999
-999
-999
-999
-999
-999
-999
-999
-999
-999
-999
-999
-999
-999
-999
-999
-999
-999
-999
-999
-999
-999
-999
-999
-999
-999
-999
-999
-999
-999
-999
-999
-999
-999
-999
-999
-999
-999
-999
-999
-999
-999
-999
-999
-999
-999
-999
-999
-999
-999
-999
-999
-999
-999
-999
-999
-999
-999
-999
-999
-999
-999
-999
-999
-999
-999
-999
-999
-999
-999
-999
-999
-999
-999
-999
-999
-999
-999
-999
-999
-999
-999
-999
-999
-999
-999
-999
-999
-999
-999
-999
-999
-999
-999
-999
-999
-999
-999
-999
-999
-999
-999
-999
-999
-999
-999
-999
-999
-999
-999
-999
-999
-999
-999
-999
-999
-999
-999
-999
-999
-999
-999
-999
-999
-999
-999
-999
-999
-999
-999
-999
-999
-999
-999
-999
-999
-999
-999
-999
-999
-999
-999
-999
-999
-999
-999
-999
-999
-999
-999
-999
-999
-999
-999
-999
-999
-999
-999
-999
-999
-999
-999
-999
-999
-999
-999
-999
-999
-999
-999
-999
-999
-999
-999
-999
-999
-999
-999
-999
-999
-999
-999
-999
-999
-999
-999
-999
-999
-999
-999
-999
-999
-999
-999
-999
-999
-999
-999
-999
-999
-999
-999
-999
-999
-999
-999
-999
-999
-999
-999
-999
-999
-999
-999
-999
-999
-999
-999
-999
-999
-999
-999
-999
-999
-999
-999
-999
-999
-999
-999
-999
-999
-999
-999
-999
-999
-999
-999
-999
-999
-999
-999
-999
-999
-999
-999
-999
-999
-999
-999
-999
-999
-999
-999
-999
-999
-999
-999
-999
-999
-999
-999
-999
-999
-999
-999
-999
-999
-999
-999
-999
-999
-999
-999
-999
-999
-999
-999
-999
-999
-999
-999
-999
-999
-999
-999
-999
-999
-999
-999
-999
-999
-999
-999
-999
-999
-999
-999
-999
-999
-999
-999
-999
-999
-999
-999
-999
-999
-999
-999
-999
-999
-999
-999
-999
-999
-999
-999
-999
-999
-999
-999
-999
-999
-999
-999
-999
-999
-999
-999
-999
-999
-999
-999
-999
-999
-999
-999
-999
-999
-999
-999
-999
-999
-999
-999
-999
-999
-999
-999
-999
-999
-999
-999
-999
-999
-999
-999
-999
-999
-999
-999
-999
-999
-999
-999
-999
-999
-999
-999
-999
-999
-999
-999
-999
-999
-999
-999
-999
-999
-999
-999
-999
-999
-999
-999
-999
-999
-999
-999
-999
-999
-999
-999
-999
-999
-999
-999
-999
-999
-999
-999
-999
-999
-999
-999
-999
-999
-999
-999
-999
-999
-999
-999
-999
-999
-999
-999
-999
-999
-999
-999
-999
-999
-999
-999
-999
-999
-999
-999
-999
-999
-999
-999
-999
-999
-999
-999
-999
-999
-999
-999
-999
-999
-999
-999
-999
-999
-999
-999
-999
-999
-999
-999
-999
-999
-999
-999
-999
-999
-999
-999
-999
-999
-999
-999
-999
-999
-999
-999
-999
-999
-999
-999
-999
-999
-999
-999
-999
-999
-999
-999
-999
-999
-999
-999
-999
-999
-999
-999
-999
-999
-999
-999
-999
-999
-999
-999
-999
-999
-999
-999
-999
-999
-999
-999
-999
-999
-999
-999
-999
-999
-999
-999
-999
-999
-999
-999
-999
-999
-999
-999
-999
-999
-999
-999
-999
-999
-999
-999
-999
-999
-999
-999
-999
-999
-999
-999
-999
-999
-999
-999
-999
-999
-999
-999
-999
-999
-999
-999
-999
-999
-999
-999
-999
-999
-999
-999
-999
-999
-999
-999
-999
-999
-999
-999
-999
-999
-999
-999
-999
-999
-999
-999
-999
-999
-999
-999
-999
-999
-999
-999
-999
-999
-999
-999
-999
-999
-999
-999
-999
-999
-999
-999
-999
-999
-999
-999
-999
-999
-999
-999
-999
-999
-999
-999
-999
-999
-999
-999
-999
-999
-999
-999
-999
-999
-999
-999
-999
-999
-999
-999
-999
-999
-999
-999
-999
-999
-999
-999
-999
-999
-999
-999
-999
-999
-999
-999
-999
-999
-999
-999
-999
-999
-999
-999
-999
-999
-999
-999
-999
-999
-999
-999
-999
-999
-999
-999
-999
-999
-999
-999
-999
-999
-999
-999
-999
-999
-999
-999
-999
-999
-999
-999
-999
-999
-999
-999
-999
-999
-999
-999
-999
-999
-999
-999
-999
-999
-999
-999
-999
-999
-999
-999
-999
-999
-999
-999
-999
-999
-999
-999
-999
-999
-999
-999
-999
-999
-999
-999
-999
-999
-999
-999
-999
-999
-999
-999
-999
-999
-999
-999
-999
-999
-999
-999
-999
-999
-999
-999
-999
-999
-999
-999
-999
-999
-999
-999
-999
-999
-999
-999
-999
-999
-999
-999
-999
-999
-999
-999
-999
-999
-999
-999
-999
-999
-999
-999
-999
-999
-999
-999
-999
-999
-999
-999
-999
-999
-999
-999
-999
-999
-999
-999
-999
-999
-999
-999
-999
-999
-999
-999
-999
-999
-999
-999
-999
-999
-999
-999
-999
-999
-999
-999
-999
-999
-999
-999
-999
-999
-999
-999
-999
-999
-999
-999
-999
-999
-999
-999
-999
-999
-999
-999
-999
-999
-999
-999
-999
-999
-999
-999
-999
-999
-999
-999
-999
-999
-999
-999
-999
-999
-999
-999
-999
-999
-999
-999
-999
-999
-999
-999
-999
-999
-999
-999
-999
-999
-999
-999
-999
-999
-999
-999
-999
-999
-999
-999
-999
-999
-999
-999
-999
-999
-999
-999
-999
-999
-999
-999
-999
-999
-999
-999
-999
-999
-999
-999
-999
-999
-999
-999
-999
-999
-999
-999
-999
-999
-999
-999
-999
-999
-999
-999
-999
-999
-999
-999
-999
-999
-999
-999
-999
-999
-999
-999
-999
-999
-999
-999
-999
-999
-999
-999
-999
-999
-999
-999
-999
-999
-999
-999
-999
-999
-999
-999
-999
-999
-999
-999
-999
-999
-999
-999
-999
-999
-999
-999
-999
-999
-999
-999
-999
-999
-999
-999
-999
-999
-999
-999
-999
-999
-999
-999
-999
-999
-999
-999
-999
-999
-999
-999
-999
-999
-999
-999
-999
-999
-999
-999
-999
-999
-999
-999
-999
-999
-999
-999
-999
-999
-999
-999
-999
-999
-999
-999
-999
-999
-999
-999
-999
-999
-999
-999
-999
-999
-999
-999
-999
-999
-999
-999
-999
-999
-999
-999
-999
-999
-999
-999
-999
-999
-999
-999
-999
-999
-999
-999
-999
-999
-999
-999
-999
-999
-999
-999
-999
-999
-999
-999
-999
-999
-999
-999
-999
-999
-999
-999
-999
-999
-999
-999
-999
-999
-999
-999
-999
-999
-999
-999
-999
-999
-999
-999
-999
-999
-999
-999
-999
-999
-999
-999
-999
-999
-999
-999
-999
-999
-999
-999
-999
-999
-999
-999
-999
-999
-999
-999
-999
-999
-999
-999
-999
-999
-999
-999
-999
-999
-999
-999
-999
-999
-999
-999
-999
-999
-999
-999
-999
-999
-999
-999
-999
-999
-999
-999
-999
-999
-999
-999
-999
-999
-999
-999
-999
-999
-999
-999
-999
-999
-999
-999
-999
-999
-999
-999
-999
-999
-999
-999
-999
-999
-999
-999
-999
-999
-999
-999
-999
-999
-999
-999
-999
-999
-999
-999
-999
-999
-999
-999
-999
-999
-999
-999
-999
-999
-999
-999
-999
-999
-999
-999
-999
-999
-999
-999
-999
-999
-999
-999
-999
-999
-999
-999
-999
-999
-999
-999
-999
-999
-999
-999
-999
-999
-999
-999
-999
-999
-999
-999
-999
-999
-999
-999
-999
-999
-999
-999
-999
-999
-999
-999
-999
-999
-999
-999
-999
-999
-999
-999
-999
-999
-999
-999
-999
-999
-999
-999
-999
-999
-999
-999
-999
-999
-999
-999
-999
-999
-999
-999
-999
-999
-999
-999
-999
-999
-999
-999
-999
-999
-999
-999
-999
-999
-999
-999
-999
-999
-999
-999
-999
-999
-999
-999
-999
-999
-999
-999
-999
-999
-999
-999
-999
-999
-999
-999
-999
-999
-999
-999
-999
-999
-999
-999
-999
-999
-999
-999
-999
-999
-999
-999
-999
-999
-999
-999
-999
-999
-999
-999
-999
-999
-999
-999
-999
-999
-999
-999
-999
-999
-999
-999
-999
-999
-999
-999
-999
-999
-999
-999
-999
-999
-999
-999
-999
-999
-999
-999
-999
-999
-999
-999
-999
-999
-999
-999
-999
-999
-999
-999
-999
-999
-999
-999
-999
-999
-999
-999
-999
-999
-999
-999
-999
-999
-999
-999
-999
-999
-999
-999
-999
-999
-999
-999
-999
-999
-999
-999
-999
-999
-999
-999
-999
-999
-999
-999
-999
-999
-999
-999
-999
-999
-999
-999
-999
-999
-999
-999
-999
-999
-999
-999
-999
-999
-999
-999
-999
-999
-999
-999
-999
-999
-999
-999
-999
-999
-999
-999
-999
-999
-999
-999
-999
-999
-999
-999
-999
-999
-999
-999
-999
-999
-999
-999
-999
-999
-999
-999
-999
-999
-999
-999
-999
-999
-999
-999
-999
-999
-999
-999
-999
-999
-999
-999
-999
-999
-999
-999
-999
-999
-999
-999
-999
-999
-999
-999
-999
-999
-999
-999
-999
-999
-999
-999
-999
-999
-999
-999
-999
-999
-999
-999
-999
-999
-999
-999
-999
-999
-999
-999
-999
-999
-999
-999
-999
-999
-999
-999
-999
-999
-999
-999
-999
-999
-999
-999
-999
-999
-999
-999
-999
-999
-999
-999
-999
-999
-999
-999
-999
-999
-999
-999
-999
-999
-999
-999
-999
-999
-999
-999
-999
-999
-999
-999
-999
-999
-999
-999
-999
-999
-999
-999
-999
-999
-999
-999
-999
-999
-999
-999
-999
-999
-999
-999
-999
-999
-999
-999
-999
-999
-999
-999
-999
-999
-999
-999
-999
-999
-999
-999
-999
-999
-999
-999
-999
-999
-999
-999
-999
-999
-999
-999
-999
-999
-999
-999
-999
-999
-999
-999
-999
-999
-999
-999
-999
-999
-999
-999
-999
-999
-999
-999
-999
-999
-999
-999
-999
-999
-999
-999
-999
-999
-999
-999
-999
-999
-999
-999
-999
-999
-999
-999
-999
-999
-999
-999
-999
-999
-999
-999
-999
-999
-999
-999
-999
-999
-999
-999
-999
-999
-999
-999
-999
-999
-999
-999
-999
-999
-999
-999
-999
-999
-999
-999
-999
-999
-999
-999
-999
-999
-999
-999
-999
-999
-999
-999
-999
-999
-999
-999
-999
-999
-999
-999
-999
-999
-999
-999
-999
-999
-999
-999
-999
-999
-999
-999
-999
-999
-999
-999
-999
-999
-999
-999
-999
-999
-999
-999
-999
-999
-999
-999
-999
-999
-999
-999
-999
-999
-999
-999
-999
-999
-999
-999
-999
-999
-999
-999
-999
-999
-999
-999
-999
-999
-999
-999
-999
-999
-999
-999
-999
-999
-999
-999
-999
-999
-999
-999
-999
-999
-999
-999
-999
-999
-999
-999
-999
-999
-999
-999
-999
-999
-999
-999
-999
-999
-999
-999
-999
-999
-999
-999
-999
-999
-999
-999
-999
-999
-999
-999
-999
-999
-999
-999
-999
-999
-999
-999
-999
-999
-999
-999
-999
-999
-999
-999
-999
-999
-999
-999
-999
-999
-999
-999
-999
-999
-999
-999
-999
-999
-999
-999
-999
-999
-999
-999
-999
-999
-999
-999
-999
-999
-999
-999
-999
-999
-999
-999
-999
-999
-999
-999
-999
-999
-999
-999
-999
-999
-999
-999
-999
-999
-999
-999
-999
-999
-999
-999
-999
-999
-999
-999
-999
-999
-999
-999
-999
-999
-999
-999
-999
-999
-999
-999
-999
-999
-999
-999
-999
-999
-999
-999
-999
-999
-999
-999
-999
-999
-999
-999
-999
-999
-999
-999
-999
-999
-999
-999
-999
-999
-999
-999
-999
-999
-999
-999
-999
-999
-999
-999
-999
-999
-999
-999
-999
-999
-999
-999
-999
-999
-999
-999
-999
-999
-999
-999
-999
-999
-999
-999
-999
-999
-999
-999
-999
-999
-999
-999
-999
-999
-999
-999
-999
-999
-999
-999
-999
-999
-999
-999
-999
-999
-999
-999
-999
-999
-999
-999
-999
-999
-999
-999
-999
-999
-999
-999
-999
-999
-999
-999
-999
-999
-999
-999
-999
-999
-999
-999
-999
-999
-999
-999
-999
-999
-999
-999
-999
-999
-999
-999
-999
-999
-999
-999
-999
-999
-999
-999
-999
-999
-999
-999
-999
-999
-999
-999
-999
-999
-999
-999
-999
-999
-999
-999
-999
-999
-999
-999
-999
-999
-999
-999
-999
-999
-999
-999
-999
-999
-999
-999
-999
-999
-999
-999
-999
-999
-999
-999
-999
-999
-999
-999
-999
-999
-999
-999
-999
-999
-999
-999
-999
-999
-999
-999
-999
-999
-999
-999
-999
-999
-999
-999
-999
-999
-999
-999
-999
-999
-999
-999
-999
-999
-999
-999
-999
-999
-999
-999
-999
-999
-999
-999
-999
-999
-999
-999
-999
-999
-999
-999
-999
-999
-999
-999
-999
-999
-999
-999
-999
-999
-999
-999
-999
-999
-999
-999
-999
-999
-999
-999
-999
-999
-999
-999
-999
-999
-999
-999
-999
-999
-999
-999
-999
-999
-999
-999
-999
-999
-999
-999
-999
-999
-999
-999
-999
-999
-999
-999
-999
-999
-999
-999
-999
-999
-999
-999
-999
-999
-999
-999
-999
-999
-999
-999
-999
-999
-999
-999
-999
-999
-999
-999
-999
-999
-999
-999
-999
-999
-999
-999
-999
-999
-999
-999
-999
-999
-999
-999
-999
-999
-999
-999
-999
-999
-999
-999
-999
-999
-999
-999
-999
-999
-999
-999
-999
-999
-999
-999
-999
-999
-999
-999
-999
-999
-999
-999
-999
-999
-999
-999
-999
-999
-999
-999
-999
-999
-999
-999
-999
-999
-999
-999
-999
-999
-999
-999
-999
-999
-999
-999
-999
-999
-999
-999
-999
-999
-999
-999
-999
-999
-999
-999
-999
-999
-999
-999
-999
-999
-999
-999
-999
-999
-999
-999
-999
-999
-999
-999
-999
-999
-999
-999
-999
-999
-999
-999
-999
-999
-999
-999
-999
-999
-999
-999
-999
-999
-999
-999
-999
-999
-999
-999
-999
-999
-999
-999
-999
-999
-999
-999
-999
-999
-999
-999
-999
-999
-999
-999
-999
-999
-999
-999
-999
-999
-999
-999
-999
-999
-999
-999
-999
-999
-999
-999
-999
-999
-999
-999
-999
-999
-999
-999
-999
-999
-999
-999
-999
-999
-999
-999
-999
-999
-999
-999
-999
-999
-999
-999
-999
-999
-999
-999
-999
-999
-999
-999
-999
-999
-999
-999
-999
-999
-999
-999
-999
-999
-999
-999
-999
-999
-999
-999
-999
-999
-999
-999
-999
-999
-999
-999
-999
-999
-999
-999
-999
-999
-999
-999
-999
-999
-999
-999
-999
-999
-999
-999
-999
-999
-999
-999
-999
-999
-999
-999
-999
-999
-999
-999
-999
-999
-999
-999
-999
-999
-999
-999
-999
-999
-999
-999
-999
-999
-999
-999
-999
-999
-999
-999
-999
-999
-999
-999
-999
-999
-999
-999
-999
-999
-999
-999
-999
-999
-999
-999
-999
-999
-999
-999
-999
-999
-999
-999
-999
-999
-999
-999
-999
-999
-999
-999
-999
-999
-999
-999
-999
-999
-999
-999
-999
-999
-999
-999
-999
-999
-999
-999
-999
-999
-999
-999
-999
-999
-999
-999
-999
-999
-999
-999
-999
-999
-999
-999
-999
-999
-999
-999
-999
-999
-999
-999
-999
-999
-999
-999
-999
-999
-999
-999
-999
-999
-999
-999
-999
-999
-999
-999
-999
-999
-999
-999
-999
-999
26.2298
27.5143
-999
-999
27.3802
-999
-999
-999
-999
-999
-999
-999
-999
-999
-999
-999
-999
-999
-999
-999
-999
-999
-999
-999
-999
-999
-999
-999
-999
-999
-999
-999
-999
-999
-999
-999
-999
-999
-999
-999
-999
-999
-999
-999
-999
-999
-999
-999
-999
-999
-999
-999
-999
-999
-999
-999
-999
-999
-999
-999
-999
-999
-999
-999
-999
-999
-999
-999
-999
-999
-999
-999
-999
-999
-999
-999
-999
-999
-999
-999
-999
-999
-999
-999
-999
-999
-999
-999
-999
-999
-999
-999
-999
-999
-999
-999
-999
-999
-999
-999
-999
-999
-999
-999
-999
-999
-999
-999
-999
-999
-999
-999
-999
-999
-999
-999
-999
-999
-999
-999
-999
26.668
27.5853
27.6047
27.5731
27.3802
27.5566
27.368
-999
-999
-999
-999
-999
-999
-999
-999
-999
-999
-999
-999
-999
-999
-999
-999
-999
-999
-999
-999
-999
-999
-999
-999
-999
-999
-999
-999
-999
-999
-999
-999
-999
-999
-999
-999
-999
-999
-999
-999
-999
-999
-999
-999
-999
-999
-999
-999
-999
-999
-999
-999
-999
-999
-999
-999
-999
-999
-999
-999
-999
-999
-999
-999
-999
-999
-999
-999
-999
-999
-999
-999
-999
-999
-999
-999
-999
-999
-999
-999
-999
-999
-999
-999
-999
-999
-999
-999
-999
-999
-999
-999
-999
-999
-999
-999
-999
-999
-999
-999
-999
-999
-999
-999
-999
-999
-999
-999
-999
-999
-999
-999
-999
-999
26.8667
27.4347
27.4426
27.7201
27.1751
27.1851
27.0424
27.4211
28.0637
28.1053
-999
-999
-999
-999
-999
-999
-999
-999
-999
-999
-999
-999
-999
-999
-999
-999
-999
-999
-999
-999
-999
-999
-999
-999
-999
-999
-999
-999
-999
-999
-999
-999
-999
-999
-999
-999
-999
-999
-999
-999
-999
-999
-999
-999
-999
-999
-999
-999
-999
-999
-999
-999
-999
-999
-999
-999
-999
-999
-999
-999
-999
-999
-999
-999
-999
-999
-999
-999
-999
-999
-999
-999
-999
-999
-999
-999
-999
-999
-999
-999
-999
-999
-999
-999
-999
-999
-999
-999
-999
-999
-999
-999
-999
-999
-999
-999
-999
-999
-999
-999
-999
-999
-999
-999
-999
-999
-999
-999
-999
-999
-999
26.9786
27.4347
27.6685
27.9403
27.7302
27.6226
28.0027
27.9998
28.1576
28.1053
27.9202
27.9102
27.9812
27.6334
27.4247
27.3874
27.4075
-999
-999
-999
-999
-999
-999
-999
-999
-999
-999
-999
-999
-999
-999
-999
-999
-999
-999
-999
-999
-999
-999
-999
-999
-999
-999
-999
-999
-999
-999
-999
-999
-999
-999
-999
-999
-999
-999
-999
-999
-999
-999
-999
-999
-999
-999
-999
-999
-999
-999
-999
-999
-999
-999
-999
-999
-999
-999
-999
-999
-999
-999
-999
-999
-999
-999
-999
-999
-999
-999
-999
-999
-999
-999
-999
-999
-999
-999
-999
-999
-999
-999
-999
-999
-999
-999
-999
-999
-999
-999
-999
-999
-999
-999
-999
-999
-999
-999
-999
-999
-999
-999
25.8547
26.6903
27.1485
27.3501
27.6764
27.9253
27.8614
27.9747
27.9776
28.1347
28.1598
28.0422
27.855
27.865
27.9023
27.6477
27.5423
27.4247
27.4297
27.358
27.401
27.477
27.4985
27.4412
-999
-999
27.0998
-999
-999
-999
-999
-999
-999
-999
-999
-999
-999
-999
-999
-999
-999
-999
-999
-999
-999
-999
-999
-999
-999
-999
-999
-999
-999
-999
-999
-999
-999
-999
-999
-999
-999
-999
-999
-999
-999
-999
-999
-999
-999
-999
-999
-999
-999
-999
-999
-999
-999
-999
-999
-999
-999
-999
-999
-999
-999
-999
-999
-999
-999
-999
-999
-999
-999
-999
-999
-999
-999
-999
-999
-999
-999
-999
-999
-999
-999
-999
-999
-999
-999
-999
-999
-999
-999
-999
-999
-999
-999
-999
-999
-999
-999
25.7873
26.341
27.2626
27.6685
27.7969
27.68
27.992
27.9102
27.8872
28.0163
28.1483
28.1777
28.0328
28.0135
28.0099
27.604
27.5423
27.3953
27.4125
27.3278
27.396
27.4211
27.4785
27.4548
27.3788
27.1823
27.1414
27.5201
27.6448
27.6126
27.5272
27.5322
-999
27.3902
-999
-999
-999
-999
-999
-999
-999
-999
-999
-999
-999
-999
-999
-999
-999
-999
-999
-999
-999
-999
-999
-999
-999
-999
-999
-999
-999
-999
-999
-999
-999
-999
-999
-999
-999
-999
-999
-999
-999
-999
-999
-999
-999
-999
-999
-999
-999
-999
-999
-999
-999
-999
-999
-999
-999
-999
-999
-999
-999
-999
-999
-999
-999
-999
-999
-999
-999
-999
-999
-999
-999
-999
-999
-999
-999
-999
-999
-999
-999
-999
-999
-999
-999
-999
-999
-999
-999
25.7873
26.6974
27.3902
27.7409
27.7818
27.4663
27.5222
26.8423
27.8872
27.997
28.1834
28.22
28.2831
28.0501
28.0615
27.7531
27.4964
27.4469
27.4397
27.3623
27.515
27.4211
27.5201
27.4175
27.33
27.0503
27.3451
27.6355
27.609
27.5875
27.5882
27.5315
27.3666
27.3587
27.3149
27.32
27.2533
-999
27.2224
-999
-999
-999
-999
-999
-999
-999
-999
-999
-999
-999
-999
-999
-999
-999
-999
-999
-999
-999
-999
-999
-999
-999
-999
-999
-999
-999
-999
-999
-999
-999
-999
-999
-999
-999
-999
-999
-999
-999
-999
-999
-999
-999
-999
-999
-999
-999
-999
-999
-999
-999
-999
-999
-999
-999
-999
-999
-999
-999
-999
-999
-999
-999
-999
-999
-999
-999
-999
-999
-999
-999
-999
-999
-999
-999
-999
-999
