-999
-999
-999
-999
-999
-999
-999
-999
-999
-999
-999
25.8748
25.484
26.2133
26.0305
26.1266
26.166
26.0993
26.1459
26.0398
-999
25.8634
25.8296
-999
-999
26.09
-999
26.1223
26.0728
25.4983
25.9602
26.2427
26.1301
-999
25.7601
25.4402
26.1624
25.9666
-999
24.8901
-999
-999
-999
26.635
26.5683
26.5088
26.26
25.839
25.3699
25.2702
25.7206
25.697
25.3097
25.6633
25.6001
25.111
-999
25.6568
25.7751
25.9372
25.6202
26.0828
-999
-999
-999
-999
26.2076
25.8598
-999
-999
25.7601
-999
-999
-999
-999
-999
26.1244
26.0125
25.8296
25.7414
25.8476
25.7608
25.565
25.5915
26.1531
26.1201
25.915
-999
-999
-999
-999
-999
25.0522
25.0831
24.9848
25.0565
25.0214
25.0458
24.987
24.9497
24.9697
24.9052
24.7488
24.1651
24.7352
-999
-999
-999
-999
24.5825
24.893
24.7696
24.827
24.8227
24.9102
-999
-999
-999
-999
24.15
-999
-999
-999
-999
-999
-999
-999
-999
-999
-999
-999
26.0599
26.1732
26.0785
26.2664
26.0893
26.2205
26.1775
26.1717
26.1452
-999
25.9523
-999
26.0893
-999
26.2499
26.1373
25.1003
26.1488
26.1352
25.9702
-999
-999
26.0799
25.4797
26.0297
-999
-999
-999
-999
-999
-999
-999
-999
-999
26.3876
26.4041
26.2786
26.0319
25.1591
25.0572
25.6102
25.6202
25.4782
25.4022
25.1411
25.111
25.4495
-999
25.8598
25.5349
26.1
25.745
-999
-999
-999
-999
26.2721
-999
25.9853
26.2585
26.2822
-999
-999
-999
-999
-999
-999
-999
25.8576
25.7673
25.821
25.7077
25.5514
25.7292
26.0541
26.1904
-999
-999
24.9798
-999
-999
-999
25.0967
25.0845
24.9475
25.1046
25.0443
25.0393
24.987
24.9267
24.959
24.8736
24.7826
24.8428
24.6649
-999
-999
-999
-999
24.5825
24.5652
24.8048
24.7051
24.8048
-999
24.8335
24.7151
24.7603
24.8234
24.5904
24.9425
-999
-999
-999
-999
-999
-999
-999
25.3542
26.0835
25.7902
25.8899
25.9351
25.9767
-999
26.1825
26.2198
26.1552
26.1775
-999
26.1603
25.9523
26.0835
26.085
26.1294
26.303
26.2298
26.2449
26.0821
26.0799
-999
-999
-999
-999
25.6762
25.7049
25.9824
-999
-999
-999
-999
-999
-999
-999
-999
26.1753
26.2829
26.1897
26.0297
25.5055
25.0099
-999
-999
-999
25.5191
25.5722
25.7264
25.0149
-999
-999
25.6697
26.1
25.4452
25.5844
-999
-999
-999
-999
-999
26.1402
26.4142
26.3553
-999
-999
-999
-999
25.4524
-999
-999
-999
-999
-999
25.8153
25.6547
26.0434
26.057
26.1904
26.3202
25.9401
-999
-999
-999
24.4749
25.0027
25.0443
25.0106
25.068
25.0142
25.0393
24.9439
25.0207
24.9045
24.9188
24.8844
24.6958
24.2547
-999
-999
-999
-999
-999
-999
-999
24.8234
24.8442
24.8134
24.8693
24.718
24.7453
24.8234
24.7618
25.1053
-999
-999
-999
-999
-999
-999
25.6597
-999
-999
-999
25.7328
-999
-999
-999
26.2564
26.2564
26.2076
26.2894
26.1237
26.0032
26.1825
26.0405
25.9824
26.0577
26.3374
26.2765
26.2227
26.1689
26.2772
26.171
26.209
-999
-999
26.26
25.7335
26.1703
26.3991
26.3453
26.3453
-999
-999
-999
-999
-999
-999
26.1552
25.9853
26.0297
25.4797
-999
-999
-999
-999
25.91
25.385
25.735
24.7202
-999
25.6532
-999
-999
-999
24.9303
26.0297
-999
-999
-999
-999
-999
-999
26.3553
-999
24.9647
-999
-999
25.4524
25.5851
-999
-999
-999
-999
-999
-999
26.1653
25.915
26.1596
26.3281
26.2298
-999
26.1251
-999
25.8547
25.0027
24.9547
24.5767
24.9274
24.9317
25.1003
24.9697
25.0587
24.9841
24.9862
24.8987
24.8206
24.2547
24.429
24.472
-999
-999
-999
-999
-999
-999
-999
24.8285
24.8851
24.8485
24.9181
24.7352
24.9002
-999
-999
-999
-999
-999
-999
-999
-999
25.0917
25.9602
25.56
-999
26.1753
-999
26.1682
26.1552
26.1567
26.2112
26.2894
26.204
26.1524
-999
26.0943
25.9767
26.0125
26.2965
26.2076
26.2499
26.2069
26.2772
26.1617
26.1803
26.0355
26.1997
26.478
26.0713
26.5088
26.3482
26.1552
26.0018
25.1397
-999
-999
-999
26.6953
-999
-999
-999
26.1201
-999
-999
-999
-999
-999
-999
-999
-999
-999
-999
25.1325
-999
-999
-999
-999
26.2449
-999
-999
-999
-999
-999
26.0147
-999
26.3647
-999
-999
-999
-999
-999
-999
-999
-999
-999
-999
-999
-999
-999
26.2248
26.2076
26.2083
26.1022
25.9975
26.0003
25.9924
25.2251
25.1619
25.0666
25.0063
25.0135
24.1873
24.4742
25.0587
24.9518
25.0228
24.8493
24.8672
24.8787
24.6685
24.2798
24.315
-999
-999
-999
-999
-999
-999
24.9231
24.8306
24.8213
24.7001
-999
-999
-999
-999
-999
-999
-999
-999
-999
25.1813
25.3348
26.1187
25.7637
26.2148
26.1911
26.2262
26.2162
26.1552
26.1768
26.2291
26.3102
26.2098
26.1825
26.1301
26.0885
25.9293
26.1058
26.2686
26.265
26.1459
26.1567
26.2119
26.1847
26.0986
26.1861
26.3747
26.2743
26.2514
26.3697
26.3482
26.4751
-999
-999
-999
-999
25.9803
26.3008
-999
-999
-999
26.2248
-999
-999
-999
25.4933
-999
-999
-999
-999
-999
-999
-999
-999
-999
-999
-999
-999
-999
-999
-999
-999
26.27
-999
-999
-999
-999
-999
-999
26.1301
-999
25.5126
25.045
24.9748
-999
-999
-999
-999
-999
25.4424
26.1897
26.2083
26.0713
26.0828
26.166
25.9867
25.9236
25.1734
25.1863
25.0644
25.0092
25.1168
25.0149
-999
24.8399
25.0544
24.9568
24.974
24.9224
24.822
24.2798
24.3049
-999
-999
-999
-999
-999
-999
-999
24.9152
-999
-999
24.7101
-999
-999
-999
-999
-999
-999
-999
-999
-999
-999
25.7967
25.6948
-999
26.1911
26.2349
26.1
25.8218
26.2349
26.1431
26.232
26.2011
26.2435
26.161
25.9473
-999
26.133
26.2406
26.265
26.3797
26.1983
26.2499
26.2607
26.4773
26.3116
26.1208
26.3159
26.4852
26.5052
26.5497
-999
26.3847
-999
-999
25.5951
26.095
-999
-999
-999
-999
-999
-999
26.4278
-999
25.5299
25.735
25.7063
25.9752
25.9351
26.1072
25.8798
25.7902
25.6819
24.7087
25.1153
-999
-999
-999
-999
-999
-999
-999
25.4503
25.2996
-999
-999
-999
-999
25.7651
-999
25.5126
-999
25.6152
24.457
-999
-999
-999
-999
25.8497
-999
-999
26.0943
26.0914
25.7952
26.0061
25.8677
26.0398
25.1863
25.096
24.9905
25.0393
24.9755
24.8586
24.888
25.0458
25.0228
25.0027
24.9669
24.8536
24.7869
24.68
24.5251
-999
-999
-999
25.1053
24.893
24.8851
24.9152
-999
25.0809
-999
25.1397
-999
-999
-999
-999
-999
-999
-999
-999
-999
-999
25.9803
25.517
-999
-999
-999
-999
-999
-999
26.1753
26.0871
26.2126
26.1911
25.9975
26.1452
26.0548
26.1897
26.3898
26.5045
26.4249
-999
26.5475
26.6293
26.2851
25.745
26.3159
26.27
26.6049
26.4536
26.1997
25.9889
26.1832
-999
25.1878
26.2678
-999
-999
-999
-999
-999
26.0799
26.4278
26.5547
25.1598
25.8088
25.7644
26.2327
26.0929
26.0735
25.9358
26.0168
25.9702
25.9917
-999
-999
-999
-999
-999
-999
-999
-999
25.75
25.6503
25.9401
-999
-999
-999
-999
-999
-999
-999
-999
-999
26.105
-999
-999
25.395
-999
-999
-999
26.0534
26.0914
26.085
26.1072
26.105
25.5069
25.3377
25.0472
25.0974
25.078
25.1218
24.9676
25.0321
25.0458
25.0364
24.9454
24.9303
25.0042
24.7474
24.7639
24.5251
24.6047
24.6449
24.7653
24.9454
24.8844
24.9116
24.812
24.9073
25.0795
25.1311
25.2078
-999
-999
-999
-999
-999
-999
-999
-999
-999
-999
25.7823
25.4531
25.3735
-999
-999
25.8002
26.0613
26.2549
26.1165
26.0426
25.9881
26.2456
26.2062
26.1452
26.2635
26.2908
26.506
26.5432
-999
26.559
26.5597
26.4263
26.7441
26.8674
26.5002
26.1897
26.5052
26.4436
26.2413
26.2449
26.3489
25.9903
25.1878
-999
-999
-999
-999
-999
-999
-999
26.6652
26.5597
26.4651
25.788
25.8798
26.2327
26.2026
26.1631
26.0197
26.1803
25.8361
25.8598
-999
25.1849
25.4947
-999
-999
-999
-999
-999
-999
25.6898
-999
-999
-999
-999
-999
-999
-999
-999
-999
-999
25.9552
25.74
25.1526
25.395
-999
-999
25.1498
25.9853
26.1567
26.1208
26.1639
26.0799
25.7601
25.8497
26.0348
25.0974
25.0443
25.1519
25.0845
25.03
25.0709
25.0658
25.0242
24.8622
25.0321
24.7926
24.822
24.6061
24.68
24.7187
-999
-999
24.9389
24.9827
24.9454
24.8909
25.0795
25.1813
24.7417
25.1935
-999
-999
-999
-999
-999
-999
-999
-999
-999
25.6726
25.2724
25.4087
-999
26.0068
25.9652
26.052
26.1911
26.2356
26.28
26.0871
26.2786
26.2743
25.5349
26.2126
26.3589
26.4249
25.6927
26.4149
25.9107
26.3632
26.9298
-999
-999
-999
-999
-999
26.275
25.7952
-999
26.2786
-999
26.4601
-999
-999
-999
-999
26.3668
-999
-999
26.5949
-999
-999
25.7723
-999
25.7751
-999
26.0147
26.0728
25.9014
25.8361
26.0097
25.3577
-999
25.5923
-999
-999
-999
-999
-999
-999
-999
-999
-999
-999
-999
-999
-999
-999
-999
-999
-999
-999
-999
-999
-999
-999
25.0106
25.3498
25.7242
26.1674
26.0764
26.138
26.2349
26.1689
25.9157
26.0355
25.0565
25.0135
25.1397
25.0551
25.0278
25.0874
25.0214
25.0242
24.8909
24.9052
24.8787
24.8155
24.6886
24.6958
24.7187
-999
-999
-999
-999
-999
-999
24.9898
25.1526
25.0422
-999
-999
-999
-999
-999
-999
-999
-999
-999
-999
-999
-999
25.7866
26.1574
-999
25.484
26.1517
26.3647
25.9702
25.9236
26.0871
26.3518
26.209
26.0247
-999
-999
26.1674
26.2277
26.4687
26.7469
26.8581
26.9298
26.9226
27.018
-999
26.8653
26.6817
26.8452
26.7347
-999
25.6647
-999
26.3998
26.5597
-999
-999
26.7247
26.3668
-999
-999
-999
-999
-999
-999
-999
25.6597
26.095
25.9953
26.0161
26.1266
26.1803
26.0498
25.8791
-999
25.8497
-999
-999
-999
-999
-999
-999
-999
-999
-999
-999
-999
-999
-999
-999
-999
-999
-999
-999
-999
-999
-999
24.1622
25.4001
-999
25.035
26.1273
26.1115
26.138
26.1517
26.209
26.0663
25.9516
25.0902
25.0594
25.0658
25.0372
25.0709
24.9984
24.9324
24.964
24.8865
24.8672
24.954
24.9045
24.6915
24.9841
24.7431
-999
-999
-999
-999
-999
-999
-999
24.9798
25.0422
24.9697
-999
-999
-999
-999
-999
-999
-999
-999
25.6152
25.4352
25.2451
25.4703
-999
-999
-999
-999
26.3647
26.1223
26.1847
26.3016
25.9552
25.905
25.9803
26.2901
26.4715
26.3955
26.1904
26.4823
26.7663
27.0732
26.9779
26.9728
27.0022
26.8753
26.8165
27.0747
26.5002
26.6652
-999
-999
26.6903
26.7376
26.79
-999
25.565
25.4847
-999
-999
25.9501
-999
-999
-999
-999
-999
25.8648
-999
26.2449
25.9831
-999
-999
-999
-999
-999
-999
-999
-999
-999
-999
-999
-999
-999
-999
-999
-999
-999
-999
-999
-999
-999
-999
-999
-999
-999
-999
-999
25.1648
25.4001
-999
25.5499
-999
-999
26.0778
25.9774
25.8677
26.0534
26.0799
26.0678
24.8464
25.0658
25.078
25.0945
24.9138
24.8952
24.8249
24.9102
24.8672
24.8528
24.9575
24.8579
25.0623
24.6836
24.6477
-999
-999
-999
-999
-999
24.865
-999
25.0027
25.0099
-999
-999
-999
-999
-999
-999
-999
-999
25.8949
-999
25.6303
26.0003
-999
-999
-999
-999
25.745
-999
-999
26.2098
26.2212
26.2686
26.3152
26.2901
26.4464
26.3331
25.91
26.4823
26.9513
27.0654
27.1141
27.1148
27.117
26.8373
26.8803
27.0747
-999
-999
-999
-999
-999
26.8072
-999
-999
26.8452
-999
-999
26.7333
26.526
26.1022
25.2502
-999
-999
-999
-999
-999
26.2449
-999
-999
-999
-999
-999
-999
-999
-999
-999
-999
-999
-999
-999
-999
-999
-999
-999
26.1101
-999
-999
-999
-999
-999
-999
-999
-999
-999
-999
-999
-999
-999
25.565
25.6977
25.6303
25.8576
25.8705
25.8677
25.6977
-999
25.5499
25.0752
25.0666
25.0651
25.0823
24.9862
24.8808
24.8751
-999
24.7983
24.8665
24.9956
25.0508
24.8485
24.6994
24.7797
24.5566
-999
-999
-999
-999
-999
23.8854
-999
24.9812
-999
-999
-999
-999
-999
-999
-999
-999
-999
-999
-999
-999
-999
-999
-999
-999
-999
-999
26.2851
26.2585
26.3259
26.3539
26.3302
26.3001
26.44
26.2808
25.9365
26.8
26.9026
26.9477
27.0826
27.089
-999
27.0711
26.985
-999
-999
-999
25.6998
26.6078
26.7448
26.2098
-999
-999
-999
-999
26.7778
26.7319
26.7053
26.3439
26.3453
25.8002
26.3797
-999
-999
-999
-999
-999
-999
-999
-999
-999
26.0527
26.1452
-999
-999
-999
-999
-999
-999
-999
-999
-999
-999
-999
-999
-999
-999
-999
-999
-999
-999
-999
-999
25.2172
24.8801
-999
-999
-999
25.4997
-999
25.915
26.0297
25.8526
-999
-999
-999
-999
-999
-999
25.0823
24.7761
-999
-999
-999
24.7797
24.8944
24.9956
25.0293
24.7761
24.708
24.8858
24.8249
24.855
-999
-999
-999
25.0049
24.8127
24.9619
24.9575
-999
-999
-999
-999
-999
-999
-999
-999
-999
-999
-999
-999
-999
-999
25.6826
25.925
-999
-999
25.4797
26.298
26.3374
26.1847
26.3812
26.4751
26.44
26.45
26.2399
25.91
26.45
26.724
26.9291
27.1615
27.1478
26.9599
26.346
-999
-999
-999
25.8928
26.176
26.4873
26.6652
26.6852
-999
-999
-999
26.4651
-999
26.7053
26.7003
26.318
26.1603
26.26
-999
25.6453
26.1517
-999
-999
25.1598
-999
-999
25.91
26.2456
25.6697
25.7974
26.0548
24.9697
24.7653
-999
-999
-999
-999
-999
-999
-999
25.7149
-999
-999
24.335
-999
-999
-999
-999
-999
25.0651
25.0752
-999
-999
-999
-999
-999
-999
-999
-999
-999
-999
-999
25.7716
24.855
25.1447
-999
24.9002
24.8198
-999
-999
24.85
24.8098
24.903
24.8751
24.7431
24.8901
24.9769
24.8607
24.9619
23.5999
24.7453
-999
24.6872
24.8048
24.7761
24.9439
-999
-999
-999
-999
-999
-999
-999
-999
-999
-999
-999
25.7802
26.3453
-999
-999
-999
-999
-999
25.6547
-999
25.8547
26.1847
26.2291
25.3147
-999
25.5299
26.8323
-999
26.8653
26.8803
-999
27.165
27.1478
26.985
26.8896
-999
-999
26.2549
26.5432
26.3776
26.4873
26.4393
-999
26.79
26.6802
26.6401
-999
-999
26.1624
-999
-999
25.8698
26.5002
-999
26.1043
26.204
25.8088
-999
-999
-999
-999
25.6102
25.6202
-999
25.9057
25.8153
-999
-999
-999
-999
-999
-999
-999
-999
25.6503
25.4431
24.9827
-999
-999
-999
-999
-999
-999
-999
-999
-999
-999
-999
-999
-999
-999
-999
-999
-999
-999
-999
25.7902
25.6948
25.2982
25.0852
-999
24.3802
24.8198
24.5452
24.7926
24.7553
24.7417
24.7144
24.7926
24.7431
25.0085
25.045
24.9461
25.0737
24.8751
24.9231
24.8349
24.8428
-999
24.903
24.8772
-999
-999
-999
-999
-999
-999
-999
-999
-999
-999
-999
-999
-999
26.1847
-999
-999
-999
26.2901
25.8253
-999
26.2298
26.1301
26.3668
26.0814
-999
26.615
26.914
26.9298
27.0202
26.9248
-999
-999
26.9248
-999
-999
26.8775
-999
-999
26.105
26.3525
26.2399
26.1997
-999
26.5038
26.8466
-999
-999
-999
26.4027
26.2399
-999
25.6174
-999
26.0054
25.9716
26.0376
26.1689
24.9102
-999
-999
25.6998
-999
-999
-999
-999
-999
-999
-999
-999
-999
-999
-999
-999
-999
-999
-999
24.4749
25.4001
-999
24.7553
24.7926
-999
-999
25.4553
25.565
-999
-999
-999
-999
-999
-999
-999
-999
-999
-999
24.5222
25.6898
25.5851
25.484
25.3649
-999
24.7826
24.6104
-999
24.7596
24.7324
24.8242
24.8034
24.8514
24.8507
25.1039
25.0823
25.0701
25.1261
25.03
-999
24.9418
24.9324
-999
25.0049
24.974
-999
-999
-999
-999
-999
-999
-999
-999
-999
-999
-999
-999
-999
-999
-999
-999
-999
26.3102
25.8253
26.1201
25.75
26.3231
25.6776
25.9652
26.313
26.2026
26.9234
26.7311
26.3353
26.9248
26.62
26.1753
-999
-999
-999
-999
-999
-999
-999
-999
25.6374
25.8798
26.7297
26.7197
-999
-999
-999
26.5726
26.5648
-999
-999
-999
-999
-999
-999
-999
26.2922
26.4428
-999
-999
24.8528
25.4503
-999
-999
-999
-999
-999
-999
-999
-999
-999
-999
24.9425
24.9762
-999
-999
-999
25.575
-999
24.15
-999
-999
-999
25.1397
-999
-999
-999
25.3097
25.4001
-999
-999
-999
-999
-999
-999
-999
-999
25.5851
25.4287
25.2466
24.822
-999
-999
-999
24.7596
24.9052
24.8593
24.8342
24.8249
24.8414
25.1261
25.0823
25.2057
25.0666
24.9719
25.1082
24.997
25.0149
24.713
24.6922
24.974
-999
-999
-999
-999
-999
-999
-999
-999
-999
-999
-999
-999
-999
-999
-999
-999
-999
-999
-999
-999
-999
25.8598
26.3883
26.701
26.7132
26.8775
26.9219
26.8947
26.7139
26.5174
26.7849
27.0101
26.2937
26.9398
26.1151
-999
-999
-999
-999
-999
-999
26.3173
-999
-999
-999
-999
26.3123
26.6085
26.3998
-999
-999
26.5318
26.3876
-999
-999
-999
-999
-999
-999
-999
-999
25.6453
-999
-999
-999
-999
-999
-999
-999
-999
-999
-999
-999
-999
-999
-999
-999
-999
-999
-999
25.4402
-999
-999
-999
-999
-999
-999
25.3448
25.4373
-999
-999
-999
-999
-999
-999
-999
-999
25.2652
25.5614
25.3513
24.9934
25.1247
24.8478
24.8163
24.8442
24.9446
24.8593
24.8242
24.8844
24.9131
25.1411
25.1132
25.1935
25.0666
25.2301
25.1576
25.0364
24.5975
25.0651
24.6348
24.9238
-999
-999
-999
-999
-999
-999
-999
-999
-999
-999
-999
-999
-999
-999
-999
-999
-999
-999
-999
25.2652
26.4213
26.4249
26.5239
26.7634
26.0799
26.8151
26.9219
26.6673
26.914
26.7663
26.6989
-999
26.5397
26.9951
25.9451
-999
-999
-999
-999
-999
-999
-999
-999
26.2499
26.0097
26.8021
26.6953
26.7584
26.6673
26.6487
26.4801
26.582
26.265
-999
-999
-999
-999
-999
-999
-999
-999
-999
-999
-999
-999
-999
-999
-999
-999
-999
-999
-999
-999
-999
-999
-999
-999
24.6047
-999
-999
25.4402
24.7553
-999
25.205
24.2547
25.1749
-999
-999
-999
-999
25.1297
25.4997
-999
25.3412
25.1648
25.4452
-999
25.6403
25.5966
25.3513
25.0909
25.1706
24.8378
24.7481
24.8944
24.8794
24.8593
24.9676
24.964
25.0501
25.1691
25.1548
25.0773
25.1691
25.2817
25.4273
25.2351
25.1318
24.9532
24.9203
24.9819
-999
-999
-999
-999
-999
-999
-999
-999
-999
-999
-999
-999
-999
-999
25.2552
-999
-999
-999
-999
26.28
25.9566
26.4981
26.7699
26.2062
26.3596
26.4077
26.7914
26.848
26.9047
26.9664
27.0869
27.2023
26.4328
-999
25.9451
-999
-999
-999
-999
-999
-999
-999
-999
25.821
26.7749
26.7233
26.8703
-999
26.7139
-999
26.5648
26.28
-999
-999
-999
-999
25.8153
25.22
-999
-999
-999
-999
-999
-999
-999
-999
-999
-999
-999
-999
-999
-999
-999
-999
24.7747
-999
-999
-999
25.2301
-999
-999
-999
-999
-999
-999
-999
-999
-999
25.2
25.1189
25.4653
24.8249
25.2423
25.3477
25.1899
24.7331
-999
-999
24.1851
25.4359
25.2753
25.2394
24.8693
25.0034
24.8995
24.9411
24.7983
25.0329
25.0078
25.1297
25.1827
25.1153
25.2781
25.2
25.1698
25.4273
25.4287
25.3391
25.0443
24.9647
24.6757
-999
-999
-999
-999
-999
-999
-999
-999
-999
-999
-999
-999
-999
25.9566
-999
25.7127
26.2549
-999
-999
26.1897
26.0262
26.3353
26.81
26.2062
26.7003
26.8258
26.7469
26.8459
26.4034
26.9922
27.1866
26.6852
26.5052
26.7699
-999
-999
-999
26.1101
-999
-999
-999
-999
-999
25.5772
-999
26.805
-999
-999
-999
26.3252
26.313
-999
-999
-999
-999
-999
25.5887
26.0054
-999
-999
-999
-999
24.8299
25.0601
24.3953
-999
-999
-999
-999
-999
-999
-999
-999
-999
-999
25.3699
25.4703
24.4397
-999
25.4503
-999
-999
-999
-999
-999
-999
25.6102
-999
-999
24.4648
25.2903
25.281
25.5256
25.4309
25.1899
25.0773
25.5198
-999
-999
25.466
25.4309
25.2394
25.1799
25.167
24.8665
25.1318
25.0235
25.0687
25.0078
25.2559
25.2179
25.0931
25.2408
25.2839
25.2953
25.3276
25.3226
25.3871
25.1103
24.926
24.9289
-999
-999
-999
-999
-999
-999
-999
-999
-999
-999
-999
-999
-999
-999
-999
-999
25.2803
25.4897
-999
26.2205
26.4701
26.2449
26.2399
26.7828
26.7663
26.6917
26.7799
26.7649
27.1722
27.145
26.7577
26.6852
26.4249
26.7147
26.5748
26.2549
-999
-999
-999
-999
24.8701
26.0419
26.0054
-999
-999
-999
-999
-999
-999
26.2901
26.133
-999
-999
-999
-999
-999
-999
-999
-999
25.575
24.9124
24.6513
25.1799
25.1261
-999
-999
-999
-999
-999
-999
-999
25.4201
25.4997
-999
-999
25.39
-999
24.4397
-999
-999
-999
-999
-999
-999
-999
-999
24.9855
25.3427
24.7747
24.7402
25.3764
25.593
25.5872
25.4603
-999
25.3384
25.4624
-999
24.8098
25.2423
25.2236
25.2767
25.3642
25.3599
25.2652
25.0974
25.0372
25.2731
24.9109
25.2545
25.068
25.2408
25.3448
25.4015
25.4216
25.3656
25.1347
25.3871
25.2724
25.1655
25.0049
-999
-999
-999
-999
-999
-999
-999
-999
-999
-999
-999
-999
-999
-999
-999
-999
24.9999
-999
26.0936
25.7049
26.4701
-999
26.8947
26.6501
26.668
26.6924
26.8524
26.9922
27.15
27.1787
-999
-999
26.4873
-999
27.1048
-999
25.8347
-999
-999
-999
-999
26.5354
25.925
26.4522
26.2262
-999
-999
-999
26.5081
26.6867
25.7199
25.4402
-999
-999
-999
-999
-999
-999
-999
25.4373
25.5385
24.9999
25.1799
25.5901
-999
25.2552
25.0752
-999
-999
-999
-999
25.4653
25.4997
-999
-999
-999
-999
-999
-999
-999
-999
-999
-999
-999
-999
24.4849
25.6202
25.2903
24.9174
24.7402
25.3699
25.3599
25.3398
25.4653
25.5098
25.5306
25.4624
-999
25.0199
24.5889
25.6152
25.2595
25.4302
25.3599
25.1677
25.0357
25.0199
25.2652
25.2853
25.1125
25.068
25.1103
25.3635
25.466
25.5048
25.489
25.1842
24.5904
25.2961
25.1655
25.3828
-999
-999
-999
-999
-999
-999
-999
-999
-999
-999
-999
-999
-999
-999
-999
26.4048
-999
-999
-999
25.8899
-999
-999
26.1373
26.3388
26.7197
26.5153
26.805
26.6501
27.15
27.0431
27.2447
-999
26.8552
-999
26.5798
-999
26.0319
-999
26.3647
26.6501
26.6989
26.9234
-999
26.6472
26.2262
-999
26.8351
25.6453
26.7699
26.7182
26.7448
26.5052
26.5275
25.991
-999
-999
-999
-999
25.4703
25.1949
25.4553
-999
24.7402
25.5198
25.5966
25.3097
25.5564
-999
-999
-999
-999
-999
-999
-999
-999
-999
-999
-999
-999
-999
-999
-999
-999
25.6152
-999
25.1648
25.6998
25.205
25.3032
25.0522
25.3147
25.4897
25.2451
25.4574
25.4001
25.6841
25.4969
-999
25.3039
25.4962
25.6374
25.461
25.3635
25.3398
25.3628
25.2602
25.2236
25.2824
25.2014
25.2595
25.1089
25.0128
25.3534
25.5593
25.5557
25.3785
25.2186
25.2315
25.2724
25.3169
25.1139
-999
-999
-999
-999
-999
-999
-999
-999
-999
-999
-999
-999
-999
-999
-999
-999
-999
-999
26.3001
25.6274
26.0972
-999
25.1598
26.0441
26.3683
26.8818
26.8294
26.8674
27.1342
26.7297
27.0137
27.1148
26.455
26.5303
-999
26.7426
26.0319
-999
26.1402
26.3374
-999
-999
26.8172
26.8638
26.3596
27.0202
26.8861
26.5726
26.6064
26.7182
26.1122
25.7852
26.483
25.9351
-999
-999
25.8397
25.555
25.4524
25.2502
-999
25.6697
25.4603
25.5112
25.4797
25.6052
25.6489
25.5564
25.4553
25.2968
-999
-999
-999
-999
-999
-999
-999
-999
-999
-999
-999
-999
-999
-999
25.129
25.1419
25.555
25.5801
25.5715
25.4051
25.1225
25.4897
25.4739
25.5528
25.5887
25.6174
25.5083
25.6001
25.4761
25.4316
25.7041
25.4919
25.3506
25.3083
25.3484
25.2602
25.3355
25.2867
25.1619
25.2753
25.0701
25.2143
25.3534
25.5758
25.5693
25.2882
25.2616
25.1698
25.1196
25.1684
25.134
-999
-999
-999
-999
-999
-999
-999
-999
-999
-999
-999
-999
-999
-999
-999
-999
-999
25.74
-999
-999
-999
-999
-999
26.0785
26.7139
26.8818
26.7935
26.7462
26.6422
27.0352
26.9147
26.9728
27.0252
26.7907
25.8698
26.5827
-999
-999
-999
26.44
-999
-999
-999
-999
26.8502
27.2497
26.7548
26.7376
-999
26.3797
-999
-999
-999
26.0448
-999
26.4249
-999
25.7185
25.38
-999
-999
-999
-999
-999
-999
-999
-999
25.6131
25.3169
24.8005
24.8528
24.4899
-999
-999
-999
-999
-999
-999
-999
-999
-999
-999
26.0498
25.5585
-999
24.675
25.5837
25.5334
25.3936
25.3907
25.4617
25.6317
25.5091
25.5736
25.5442
25.6374
25.5442
25.5951
25.4761
25.4919
25.6876
25.4983
25.4553
25.3577
25.4201
25.2867
25.3893
25.3326
25.3728
25.0852
23.7147
25.2774
25.4266
25.5385
25.5693
25.4137
25.2121
25.2093
25.1526
24.9733
25.058
-999
-999
-999
-999
-999
-999
-999
-999
-999
-999
-999
-999
-999
-999
-999
-999
-999
-999
-999
-999
-999
-999
26.3697
26.3532
26.7921
26.9269
26.7132
-999
26.7218
26.9757
26.8782
-999
26.9707
26.7907
-999
26.2399
-999
-999
-999
-999
26.5002
-999
-999
-999
-999
-999
-999
-999
26.7799
-999
26.9649
-999
-999
26.1165
26.5798
26.0878
-999
-999
-999
-999
24.0051
24.845
-999
-999
-999
-999
-999
25.0099
25.3699
24.8005
24.6341
23.5748
-999
24.1027
-999
-999
-999
-999
25.4947
-999
25.9602
26.0348
25.9903
25.8885
25.8476
25.7257
25.5837
25.4933
25.4173
25.4553
25.575
25.4861
25.6231
25.5736
25.555
25.5657
25.5887
25.588
25.5772
25.4926
25.6238
25.5428
25.4165
25.3291
25.2229
25.3054
25.3585
25.3326
25.3893
25.0085
-999
25.1089
25.5205
25.6224
25.5944
25.4201
25.2781
25.3477
25.1469
24.9231
25.0192
-999
-999
-999
-999
-999
-999
-999
-999
-999
-999
-999
-999
-999
-999
-999
-999
26.0649
-999
25.8103
-999
-999
-999
-999
26.0728
26.6064
26.7247
26.6774
-999
26.1409
26.5813
26.9528
27.165
27.0747
26.8079
26.7699
26.3826
26.5153
-999
26.0247
26.8653
-999
-999
-999
-999
26.9549
26.4601
-999
-999
-999
26.9298
-999
-999
-999
26.7799
25.2401
26.2808
26.615
26.3302
-999
-999
-999
-999
24.6628
-999
-999
-999
-999
-999
-999
25.0701
24.0697
-999
-999
-999
24.7302
24.9203
25.2975
25.2996
25.2975
25.7421
25.7328
26.0348
25.5822
25.735
25.745
25.3936
25.6511
25.5112
25.5385
25.5887
25.7723
25.6783
25.575
25.6209
25.5729
25.5801
25.5779
25.5507
25.5672
25.5378
25.6238
25.6109
25.4108
25.3706
25.1569
25.2344
25.4151
25.3391
25.3635
25.1792
24.5552
25.0845
25.4424
25.5894
25.4997
25.025
25.2781
25.0723
24.9633
24.9066
24.9525
-999
-999
-999
-999
-999
-999
-999
-999
-999
-999
-999
-999
-999
-999
-999
26.5303
26.105
-999
25.6647
-999
-999
-999
-999
-999
26.2435
26.3726
26.3797
26.6924
26.4679
26.6702
26.9528
27.0316
-999
-999
-999
25.1899
-999
-999
26.0247
-999
-999
-999
-999
26.7003
-999
26.4852
25.9724
-999
-999
26.7677
26.2901
-999
-999
-999
26.3847
26.3353
-999
26.0348
25.7099
-999
25.56
-999
24.8098
-999
-999
-999
-999
-999
-999
-999
-999
-999
-999
-999
-999
24.8012
25.2975
25.4044
25.4151
25.4481
25.7673
25.5198
25.6798
25.0888
25.3398
25.3599
25.6417
25.5521
25.5385
25.6252
-999
-999
-999
25.6102
25.5349
25.575
25.6023
25.5621
25.5334
25.5105
25.6303
25.598
25.248
25.2222
25.1053
25.347
25.4101
25.3864
25.3047
25.1792
24.9525
25.2315
25.603
25.5621
25.2035
24.9805
24.9819
24.9131
24.9195
25.0321
25.0458
-999
-999
-999
-999
-999
-999
-999
-999
-999
-999
-999
-999
-999
-999
-999
-999
26.3553
-999
26.5325
-999
-999
-999
-999
-999
27.0998
27.0001
26.7103
26.8387
-999
-999
-999
-999
26.6487
-999
26.8402
-999
-999
26.8423
25.5901
-999
-999
-999
-999
26.4378
27.0216
-999
-999
-999
-999
26.2449
-999
-999
-999
-999
-999
25.8053
-999
-999
-999
-999
-999
-999
-999
-999
-999
-999
-999
-999
-999
-999
-999
-999
-999
-999
-999
25.2573
25.3247
25.4058
25.4997
25.4624
25.7049
25.7163
25.6202
-999
25.8397
25.7873
24.2439
25.3613
25.1483
25.215
25.735
-999
25.735
-999
25.6733
25.575
25.6511
25.5291
25.5392
25.4861
25.5923
25.4775
25.248
25.1914
25.2165
25.2688
25.2136
25.3126
25.2545
25.2107
25.2337
24.9898
25.4302
25.5607
25.0766
24.9855
24.9561
24.9669
24.9195
25.0443
25.0314
-999
-999
-999
-999
-999
-999
-999
-999
-999
-999
-999
-999
-999
-999
-999
-999
-999
-999
-999
-999
24.5997
-999
-999
-999
-999
-999
26.6236
26.5397
-999
-999
26.5497
26.9764
26.9011
26.8452
25.9924
26.4098
26.8803
-999
-999
25.8433
26.9477
-999
26.0348
26.4378
26.9578
-999
-999
-999
-999
26.3998
-999
-999
-999
26.5497
26.09
-999
26.1603
-999
-999
-999
-999
-999
-999
-999
-999
-999
-999
-999
-999
-999
-999
-999
-999
24.4448
25.395
25.3972
25.3922
-999
-999
-999
-999
25.4201
-999
-999
-999
25.5872
25.5248
25.6138
25.5492
25.6697
25.7629
25.6898
25.7465
25.7149
25.75
25.6862
25.5772
25.4969
25.5155
25.5091
25.4761
25.357
25.271
25.3692
25.3269
25.3405
25.2896
25.2301
25.2745
25.2043
25.2695
24.9898
25.4919
25.5887
25.1282
24.9999
24.9669
25.0113
24.9884
24.9439
25.0314
-999
24.32
-999
-999
-999
-999
-999
-999
-999
-999
-999
-999
-999
-999
-999
-999
-999
-999
-999
-999
-999
-999
-999
-999
-999
26.2499
26.4651
26.5397
26.5497
26.7491
26.6501
26.4098
27.0338
26.6214
-999
26.4098
26.7699
-999
-999
-999
-999
-999
-999
-999
-999
26.5389
26.4608
26.0778
-999
-999
-999
-999
26.5117
26.3403
-999
-999
25.6798
-999
-999
-999
25.8748
-999
26.0276
25.6224
25.4947
24.8299
24.4634
-999
-999
-999
-999
-999
-999
23.8703
24.9999
24.7947
-999
-999
-999
24.0898
25.6403
-999
24.8952
-999
25.6353
25.5958
25.5664
25.6367
25.575
25.659
25.7629
25.7579
25.783
25.73
25.7622
25.7314
25.5686
25.4969
25.5421
25.4388
25.3592
25.3111
25.3004
25.3169
25.3269
25.3276
25.3255
25.3434
25.2394
25.3384
25.5069
25.5048
25.6654
25.608
25.1082
25.0063
24.9339
25.0034
24.893
24.8105
24.9504
-999
-999
25.2078
-999
-999
-999
-999
-999
-999
-999
-999
-999
-999
-999
-999
-999
-999
-999
-999
-999
-999
-999
-999
-999
-999
-999
26.2047
26.8896
26.8947
27.013
26.7032
26.5719
26.6164
26.7311
-999
26.3632
-999
-999
-999
-999
-999
-999
-999
-999
-999
25.9953
26.5576
26.26
-999
-999
-999
-999
-999
26.3403
-999
26.0097
-999
25.9301
-999
-999
-999
-999
26.1115
26.1854
25.5629
24.9783
-999
-999
-999
-999
-999
23.435
-999
23.8703
25.2
-999
24.9999
25.7651
25.428
25.925
25.788
25.2953
25.6747
25.57
25.6525
25.5958
25.6869
25.5844
25.6116
25.664
25.7393
25.7429
25.7751
25.7594
25.7859
25.6934
25.5499
25.504
25.5456
25.3384
25.3549
25.2624
25.3126
25.4445
25.4754
25.6159
25.5793
25.4797
25.5786
25.6704
25.7099
25.6611
25.6812
25.608
25.2265
24.9726
24.9518
24.9683
24.9073
24.8177
24.8414
-999
-999
-999
-999
-999
-999
-999
-999
-999
-999
-999
-999
-999
-999
-999
-999
-999
-999
-999
-999
-999
-999
-999
-999
-999
-999
26.4142
26.1552
27.1199
27.1048
27.1148
25.8447
26.6164
26.1452
-999
26.8
-999
26.2851
26.805
-999
-999
-999
-999
-999
-999
26.3941
26.6551
26.4665
26.5511
-999
-999
-999
-999
-999
-999
-999
-999
-999
-999
-999
-999
-999
-999
26.1854
25.7472
-999
-999
23.587
-999
-999
-999
-999
-999
-999
-999
-999
24.9052
25.9702
25.8117
25.905
25.7479
25.745
25.821
25.6661
25.7708
25.7371
25.6353
25.6697
25.6267
25.5607
25.6855
25.801
25.7751
25.8088
25.7572
25.6647
25.5707
25.5743
25.4861
25.3384
25.3054
25.281
25.5958
25.6252
25.6166
25.6769
25.5793
25.6733
25.6833
25.7049
25.6984
25.6611
25.5392
25.499
25.0938
24.9726
24.9884
24.9081
24.8069
24.8607
24.8844
-999
-999
-999
-999
-999
-999
-999
-999
-999
-999
-999
-999
-999
-999
-999
-999
-999
-999
-999
-999
-999
23.0298
-999
-999
-999
-999
26.1502
26.8115
27.0632
27.023
27.0976
26.9327
26.7247
26.9922
26.7175
26.6874
26.0068
-999
26.4299
-999
-999
-999
26.3898
-999
26.0799
26.3941
26.6508
26.1201
25.872
26.6903
26.275
-999
25.5435
-999
25.5248
-999
-999
-999
-999
-999
-999
-999
-999
-999
-999
-999
-999
-999
-999
-999
-999
24.6721
24.6649
-999
-999
24.4785
24.7151
-999
25.9222
25.7658
25.7479
25.7594
25.8684
25.8167
25.8296
25.7809
25.7357
25.7493
25.6769
25.6066
25.6755
25.7701
25.7529
25.7873
25.7522
25.7027
25.5607
25.603
25.4832
25.215
25.3291
25.4976
25.6539
25.258
25.6202
25.4926
25.6697
25.679
25.6833
25.5542
24.9877
25.21
25.0465
25.1605
24.9468
25.0149
24.9626
24.9647
25.0221
25.0608
24.8966
-999
-999
-999
-999
-999
-999
-999
-999
-999
-999
-999
-999
-999
-999
-999
-999
-999
-999
-999
-999
23.4952
23.0298
-999
-999
-999
-999
25.7249
26.3833
-999
26.5267
26.9908
26.7462
26.7068
26.795
26.7233
-999
-999
-999
25.4201
26.2069
26.1251
26.09
25.9501
25.9989
-999
26.7154
-999
26.0297
26.2327
26.0799
26.275
-999
-999
-999
-999
-999
-999
-999
-999
-999
-999
-999
-999
25.6403
-999
-999
-999
-999
-999
-999
-999
24.8328
-999
24.4699
24.2325
24.4785
25.5851
25.6547
25.5284
25.7135
25.7909
25.7916
25.7644
25.882
25.7931
25.8268
25.6453
25.7493
25.6037
25.5937
25.5908
25.7536
25.7508
25.8261
25.7522
25.6647
25.5585
25.5542
25.4603
25.4065
25.6088
25.4976
25.395
24.9023
25.0766
24.9253
25.707
25.2573
25.6733
25.0823
24.8571
24.9482
24.9145
24.8701
24.9231
24.931
24.9339
24.9647
25.0415
24.9647
24.8865
-999
-999
-999
-999
-999
-999
-999
-999
-999
-999
-999
-999
-999
-999
-999
-999
-999
-999
-999
-999
-999
23.0348
-999
-999
-999
-999
-999
-999
26.8201
26.5267
26.8552
26.6566
26.7376
26.9269
26.7161
-999
-999
-999
-999
26.3503
-999
26.2047
26.0749
-999
24.85
26.0147
-999
26.265
26.4651
25.603
-999
-999
-999
-999
-999
-999
-999
-999
-999
-999
-999
-999
-999
-999
-999
-999
-999
-999
-999
24.8399
-999
24.4835
24.8471
24.9116
25.3398
25.1763
25.6747
25.9831
25.7967
25.8999
25.8074
25.7981
25.7644
25.8167
25.8418
25.6833
25.5872
25.5908
25.6747
25.641
25.5069
25.6755
25.7565
25.8067
25.6769
25.6145
25.5363
25.5923
25.4481
25.5743
25.669
25.6905
25.0364
24.9468
24.9755
25.1419
24.9023
24.8665
24.8966
24.8593
24.8571
24.8744
24.8952
24.9339
24.9425
24.9217
24.9461
25.0407
25.0199
24.9647
24.8923
-999
-999
-999
-999
-999
-999
-999
-999
-999
-999
-999
-999
-999
-999
-999
-999
-999
-999
-999
-999
-999
-999
-999
-999
-999
-999
-999
-999
26.805
26.7376
26.7814
27.0288
26.8258
26.5081
26.9822
26.7362
26.5913
25.9401
26.5597
-999
-999
25.7931
26.0749
-999
-999
-999
-999
-999
25.8497
-999
-999
-999
-999
-999
-999
-999
-999
-999
-999
-999
-999
25.5076
-999
-999
-999
-999
-999
26.3862
-999
25.2186
-999
24.5753
24.9991
25.134
25.3018
25.4051
25.7178
25.9071
25.8311
25.9078
25.8677
25.6984
25.7723
25.8203
25.745
25.6661
25.664
25.6267
25.7558
25.641
25.697
25.7092
25.6826
25.7479
25.6331
25.6066
25.5363
25.4388
25.5528
25.631
25.5722
25.4553
25.0859
24.9468
25.2322
25.3405
24.8686
24.8356
24.9102
24.8665
24.8901
24.8593
24.8794
24.9152
24.9303
24.9217
24.9575
25.0142
24.9454
24.8593
24.8421
-999
-999
-999
-999
-999
-999
-999
-999
-999
-999
-999
-999
-999
-999
-999
-999
-999
-999
-999
-999
-999
-999
-999
-999
-999
-999
-999
26.1165
26.3761
26.7742
26.8617
26.9542
26.8932
26.8545
26.9822
26.6515
26.346
26.7003
26.506
25.6747
-999
26.3209
25.631
26.2549
-999
-999
-999
-999
-999
-999
25.9752
-999
-999
-999
-999
-999
-999
-999
-999
-999
-999
-999
-999
-999
26.4479
26.4687
26.62
26.1703
25.2301
25.1447
25.0587
24.5064
24.9991
25.2595
25.3943
25.5456
25.9064
25.9071
25.8175
25.9415
25.8002
25.74
25.7988
25.7694
25.6927
25.5758
25.7493
25.7192
25.6561
25.7135
25.7414
25.6719
25.664
25.7049
25.6367
25.6633
25.5585
25.4789
25.5865
25.7185
25.4352
25.1569
25.2667
25.2502
25.3585
25.3097
25.1318
24.9174
24.8708
24.7761
24.8758
24.822
24.8794
24.8815
24.9217
24.8987
24.9109
24.8213
24.7704
24.8385
24.8564
-999
-999
-999
-999
-999
-999
-999
-999
-999
-999
-999
-999
-999
-999
-999
-999
-999
-999
-999
-999
-999
-999
-999
-999
-999
-999
-999
25.4718
-999
26.0398
26.9298
27.0087
26.7562
26.7412
26.2241
26.6408
26.1165
26.3769
26.0692
-999
26.2399
26.3302
25.7952
26.6903
-999
-999
-999
-999
26.5375
-999
-999
-999
-999
-999
-999
-999
26.2047
-999
-999
-999
-999
-999
-999
-999
26.5418
26.6437
-999
26.1703
25.6339
25.8167
25.0537
-999
25.4847
24.9324
25.2738
25.5578
26.0936
25.9243
25.9379
25.9143
25.7974
25.7378
25.7314
25.7472
25.6927
25.669
25.7651
25.7343
25.7285
25.6525
25.6848
25.6719
25.7515
25.7285
25.636
25.6618
25.5966
25.5291
25.5865
25.7006
25.4309
25.3212
25.4187
25.385
25.4209
25.3097
25.2875
25.1189
24.8837
24.8414
24.8249
24.8665
24.9324
24.8794
24.9217
24.9224
24.8478
24.7223
24.6126
24.8263
24.6377
-999
-999
-999
-999
-999
-999
-999
-999
-999
-999
-999
-999
-999
-999
-999
-999
-999
-999
-999
-999
-999
-999
-999
-999
-999
-999
-999
25.4703
-999
-999
26.8968
26.7577
26.7218
26.6264
26.7326
26.762
26.5798
26.4278
26.4615
-999
26.455
26.1603
-999
-999
-999
-999
-999
-999
25.925
-999
-999
-999
-999
-999
-999
-999
-999
-999
-999
-999
-999
-999
-999
26.3453
-999
25.7601
-999
25.7551
26.3553
-999
-999
-999
-999
25.1462
24.6248
26.0613
26.0391
25.8834
26.034
25.9143
25.7866
25.7371
25.7852
25.7221
25.6367
25.6668
25.6432
25.5973
25.7665
25.6762
25.7421
25.679
25.7486
25.6776
25.6798
25.6604
25.5822
25.5141
25.5363
25.7192
25.5205
25.4947
25.4201
25.4388
25.3649
25.2645
25.1741
25.0615
24.9819
24.9375
24.931
24.85
24.9066
24.9353
24.8894
24.8901
24.8514
24.7144
24.6212
24.5351
24.5179
-999
-999
-999
-999
-999
-999
-999
-999
-999
-999
-999
-999
-999
-999
-999
-999
-999
-999
-999
-999
-999
-999
-999
-999
-999
-999
-999
-999
-999
-999
26.3697
26.7577
26.767
26.7268
26.4765
26.6243
26.7584
26.6688
26.5511
26.4228
26.0685
26.2628
26.0513
26.6401
-999
-999
-999
25.4151
25.7551
-999
-999
-999
-999
-999
-999
-999
-999
-999
-999
-999
-999
-999
-999
-999
-999
-999
-999
-999
25.5672
26.3747
26.0498
25.3735
25.3377
25.2251
24.6248
26.0262
25.8318
25.8648
26.0649
25.9896
25.6059
25.6525
25.6977
25.7199
25.423
25.631
25.6432
25.7608
25.6962
25.6884
25.707
25.6597
25.6597
25.7429
25.74
25.5772
25.6123
25.5535
25.6059
25.5313
25.5205
25.4531
25.4409
25.4825
25.2609
25.1426
25.0644
25.0615
25.002
24.8873
24.9461
24.8198
24.8672
24.832
24.8851
24.817
24.8514
24.7008
24.6492
24.6061
24.4835
-999
-999
-999
-999
-999
-999
23.8947
-999
-999
-999
-999
-999
-999
-999
-999
-999
-999
-999
22.8849
-999
-999
-999
-999
-999
-999
-999
-999
-999
-999
-999
-999
26.5203
26.5002
26.4557
26.63
26.6896
26.7182
26.7627
26.3905
26.4457
26.5569
26.4586
26.2915
-999
-999
-999
-999
-999
-999
-999
-999
24.5703
-999
-999
-999
-999
-999
-999
-999
-999
-999
25.8325
25.8698
-999
-999
-999
25.8318
-999
25.7077
26.3747
25.7586
25.4173
25.1182
25.1333
23.9901
25.8397
25.5313
25.7565
26.2937
26.2076
25.8576
25.801
25.6991
25.74
25.5005
25.6891
25.6876
25.5822
25.5743
25.6267
25.712
25.6281
25.6711
25.7429
25.7465
25.6267
25.6948
25.5973
25.5177
25.5923
25.5987
25.4825
25.3039
25.3972
25.1591
24.9224
24.9389
25.0436
24.9575
24.8873
24.8414
24.7919
24.817
24.9145
24.7639
24.6986
24.7739
24.6212
24.6492
24.6614
24.543
-999
-999
-999
-999
-999
-999
-999
-999
25.2753
-999
-999
-999
-999
-999
-999
-999
-999
-999
23.6501
-999
-999
-999
-999
-999
-999
-999
-999
-999
-999
-999
-999
26.1624
26.123
26.4514
26.6408
26.5848
26.7182
26.5992
26.7785
26.3869
26.5863
26.1294
25.8849
26.1201
26.3898
25.8619
-999
26.2349
-999
-999
26.4952
24.9697
-999
-999
-999
-999
26.0197
24.3652
-999
-999
-999
26.0649
-999
-999
-999
25.6052
25.3111
26.1524
26.2384
26.2277
25.1978
25.1361
24.5652
25.3922
25.778
25.9638
25.6805
25.5428
26.2729
26.2506
26.2277
25.801
25.7551
25.7759
25.7278
25.6869
25.4001
25.2824
25.3068
25.418
25.626
25.6331
25.6841
25.7421
25.6984
25.5937
25.6195
25.6166
25.57
25.6252
25.5213
25.3498
25.3039
25.3004
25.1282
24.8105
24.8313
24.8923
24.8349
24.8736
24.7582
24.7259
24.7826
24.8744
24.7202
24.7029
24.7524
24.6083
24.7159
24.4928
24.5201
-999
-999
-999
-999
-999
-999
-999
-999
24.2353
-999
24.2898
-999
-999
-999
-999
-999
-999
-999
-999
-999
-999
-999
-999
-999
-999
-999
-999
-999
-999
-999
-999
26.3353
26.4995
26.663
26.6809
26.8021
26.8473
26.772
26.7025
26.587
26.8983
26.1294
26.2535
25.8605
26.199
25.8347
-999
-999
-999
-999
-999
-999
-999
-999
-999
-999
25.7328
26.3453
25.9114
-999
-999
-999
-999
-999
25.7673
-999
24.8751
25.6869
26.2349
26.1316
25.3355
25.3025
25.6044
25.8325
25.8253
25.8655
25.6805
25.8132
26.1918
26.2951
26.3109
25.9788
25.8461
25.821
25.6439
25.5284
25.248
25.2523
25.3068
25.6618
25.484
25.8253
25.7615
25.7135
25.7586
25.5937
25.7271
25.5837
25.6848
25.5428
25.3764
25.2329
25.2322
25.2961
25.2566
24.8478
24.7474
24.7876
24.7747
24.7689
24.7474
24.7259
24.7689
24.9016
24.7811
24.4978
24.5624
24.4254
24.5115
24.4311
24.5201
-999
-999
-999
-999
-999
-999
-999
-999
-999
-999
-999
-999
-999
-999
-999
-999
-999
-999
-999
-999
-999
-999
-999
-999
-999
-999
-999
-999
-999
-999
-999
25.7902
26.3969
26.1911
26.6723
26.7527
26.8007
26.8043
26.8588
26.7935
26.904
26.5239
26.734
26.3812
26.0749
26.3424
26.09
-999
-999
-999
-999
-999
-999
-999
-999
-999
26.1653
-999
25.4933
25.5083
-999
24.6649
-999
-999
-999
24.6298
-999
-999
26.166
26.0276
25.3269
25.3025
25.9408
26.2069
26.1976
25.8139
25.7945
25.9652
26.2442
26.2141
26.1344
26.0842
25.872
25.821
25.6869
25.3434
25.4703
25.5894
25.57
25.5994
25.522
25.603
25.6482
25.7249
25.7608
25.7149
25.5263
25.4452
25.5456
25.418
25.0271
25.3061
25.2286
25.1397
25.2566
24.9719
24.8787
24.7245
24.6886
24.7696
24.8105
24.7818
24.8543
24.6033
24.5868
24.406
24.4168
24.396
24.4168
24.4032
24.4907
-999
-999
-999
-999
-999
-999
-999
-999
-999
-999
-999
-999
-999
-999
-999
-999
-999
-999
23.6652
-999
-999
-999
23.5798
-999
-999
-999
-999
-999
-999
-999
-999
25.7902
-999
26.1911
26.5547
26.8258
26.8151
26.9277
26.8645
26.7025
26.8961
26.7828
26.6049
25.981
25.8612
25.3097
26.09
25.4797
-999
-999
24.9454
-999
-999
-999
-999
-999
-999
-999
25.3828
25.991
-999
24.6649
-999
-999
-999
25.7651
-999
25.428
26.351
25.4273
25.4754
25.8598
26.1359
26.3532
26.27
26.2886
26.194
26.1617
26.0333
26.1316
26.1581
25.976
26.0484
25.9344
25.7393
25.4531
25.3061
25.631
25.5392
25.4897
25.522
25.3821
25.4252
25.7027
25.6317
25.5299
25.3477
25.4452
25.5808
25.5399
25.4029
25.5141
25.1074
24.9009
25.0788
24.9776
24.8614
24.6527
24.7252
24.8335
24.8148
24.7912
24.5717
24.6033
24.3766
24.3487
24.406
24.4527
24.4412
24.4003
24.4017
-999
-999
-999
-999
-999
23.09
-999
-999
-999
25.3549
-999
-999
-999
-999
-999
-999
-999
-999
-999
-999
-999
-999
23.3353
-999
-999
-999
-999
-999
-999
-999
24.0453
25.0902
25.4402
26.5447
26.7835
26.8968
26.9305
26.9234
26.8645
26.8731
26.8172
26.648
26.3525
26.1882
25.8834
25.598
-999
25.205
-999
-999
-999
-999
-999
-999
-999
-999
-999
-999
-999
-999
-999
25.5851
-999
-999
-999
26.0398
-999
25.39
26.0907
26.095
25.7457
26.2714
26.2994
26.3862
26.118
26.3582
26.3482
26.1366
26.0333
25.9774
26.0721
26.1029
25.9537
25.9157
25.4811
25.2215
25.4122
25.4553
25.4488
25.6088
25.6353
25.6088
25.6095
25.3362
25.4797
25.4503
25.631
25.6339
25.598
25.5779
25.5722
25.5342
24.7797
24.6972
24.8672
24.7682
24.8614
24.7044
24.7976
24.8865
24.5932
24.5452
24.4519
24.3472
24.3573
24.3487
24.2949
24.3401
24.4383
24.2884
24.325
-999
-999
-999
-999
-999
-999
-999
-999
-999
-999
-999
-999
-999
-999
-999
-999
-999
-999
-999
-999
-999
-999
23.3353
24.5301
-999
-999
-999
-999
-999
24.6097
24.0453
24.9898
26.0348
26.6702
26.9047
26.8911
26.8803
26.9599
26.9563
26.8653
26.7369
26.6673
26.3252
26.0326
25.7393
25.2767
25.0917
24.495
-999
-999
-999
-999
-999
-999
-999
-999
24.8916
-999
-999
-999
-999
-999
-999
25.2903
25.2322
25.1203
25.4416
25.588
25.7924
26.0319
26.0563
26.2291
26.2686
26.3862
26.0448
26.5081
26.3919
26.3281
26.0491
26.1452
26.0685
26.0706
25.7744
25.6668
25.428
25.2215
25.0802
25.494
25.6769
25.6188
25.626
25.5277
25.6095
25.6174
25.5686
25.5851
25.5722
25.6453
25.5808
25.5779
25.6095
25.2824
24.5918
24.6865
24.7273
24.7101
24.7517
24.7015
24.7897
24.6865
24.4828
24.3723
24.2691
24.4347
24.2949
24.259
24.254
24.2597
24.3013
24.2052
24.2081
-999
-999
-999
-999
-999
-999
-999
-999
-999
-999
-999
-999
-999
-999
-999
-999
-999
-999
-999
-999
-999
-999
23.6014
-999
-999
24.2203
24.6678
24.9238
-999
24.9454
25.4302
24.8234
25.7436
25.7924
26.4213
26.7821
26.9434
27.0073
26.9678
26.8208
26.6709
26.4808
26.3905
26.0326
25.9602
-999
24.4154
-999
-999
-999
-999
-999
-999
-999
-999
-999
-999
-999
-999
25.4897
-999
-999
-999
26.0699
25.4058
25.8053
25.3606
25.7809
25.7924
25.9817
26.2449
26.1861
26.2729
26.2664
26.1359
26.564
26.5698
26.369
26.4256
26.3769
25.9731
25.7637
25.4409
25.4352
25.6181
24.6764
25.4001
25.6733
25.7429
25.6231
25.5951
25.6181
25.6217
25.6181
25.5722
25.6059
25.5901
25.565
25.5844
25.6683
25.5923
25.4567
24.6233
24.5767
24.6427
24.5401
24.7202
24.6807
24.7897
24.5186
24.3931
24.2963
24.3085
24.3178
24.1952
24.2095
24.1816
24.2597
24.1837
24.2153
24.0883
-999
23.3876
-999
-999
-999
-999
-999
-999
-999
-999
-999
-999
-999
-999
-999
-999
-999
23.26
-999
-999
23.615
-999
23.5748
-999
23.5748
24.6298
24.515
-999
-999
-999
25.2853
25.6252
25.9867
26.0398
26.2922
26.7821
26.8746
27.0266
26.8631
26.8057
26.6437
26.4299
26.1603
25.9415
26.2901
25.7049
-999
25.2473
-999
-999
-999
-999
-999
-999
-999
-999
-999
-999
-999
25.2753
25.0701
-999
25.8949
26.0699
25.9265
25.8139
25.6389
26.1151
25.9257
26.0807
26.2442
26.2678
26.2628
26.0842
26.3991
26.6774
26.6594
25.8476
26.3596
26.5361
25.9731
25.7701
25.2745
25.6898
25.7393
25.6353
25.5521
25.6733
25.7931
25.6755
25.5514
25.3922
25.5464
25.6052
25.5722
25.5621
25.5528
25.5356
25.4775
25.6016
25.5915
25.4567
24.8779
24.7947
24.5043
24.2999
24.5853
24.4742
24.5853
24.335
24.3931
24.3264
24.3623
24.2547
24.1959
24.2203
24.0869
24.036
23.9664
24.2153
23.9764
-999
-999
-999
-999
-999
-999
-999
23.7247
-999
-999
-999
-999
-999
-999
-999
-999
-999
-999
-999
-999
-999
-999
-999
25.1648
24.8349
23.9176
-999
-999
-999
-999
24.5817
25.3247
26.019
26.1022
26.3202
26.5691
26.9528
26.9944
26.9649
26.81
26.7369
26.4751
26.4565
26.2427
26.034
25.9552
25.9752
25.6884
-999
25.1526
-999
-999
-999
-999
24.67
-999
-999
-999
-999
25.4797
25.6948
-999
25.8397
26.1359
26.0247
26.1839
26.024
26.3001
26.2449
26.2729
26.3489
26.3432
26.0527
25.986
26.4249
26.6774
26.4077
25.6869
25.9257
26.2492
26.166
25.3986
25.446
24.9547
25.4825
25.5693
25.5664
25.6941
25.74
25.6769
25.5793
25.4402
25.4223
25.6382
25.4467
25.6044
25.5593
25.4811
25.4962
25.6131
25.5363
25.5614
25.4058
25.129
24.3831
24.2389
24.2361
24.1299
24.3056
24.2396
24.386
24.3723
24.302
24.198
24.1019
24.0532
23.8825
23.9234
23.866
23.9069
23.7548
-999
-999
-999
-999
-999
-999
-999
-999
-999
-999
23.5669
-999
23.2047
-999
-999
-999
-999
-999
-999
-999
-999
-999
-999
-999
24.5201
23.4902
-999
-999
-999
-999
24.7331
24.5473
26.4098
26.1631
26.4801
26.6279
26.8918
27.0187
26.8717
26.8416
26.7369
26.402
26.6207
26.3596
26.2635
26.4098
25.2774
25.9523
-999
-999
-999
-999
25.7902
25.2652
24.9898
24.6348
-999
-999
24.9002
-999
-999
24.9353
-999
26.3016
26.0907
26.4938
26.3496
26.3424
26.3475
26.3209
26.3489
26.1631
25.9853
25.9817
26.4493
26.6401
26.3797
25.9967
25.2121
25.8261
26.2155
25.7221
25.446
25.167
25.0106
25.2731
25.5593
25.7866
25.8053
25.6998
25.5593
25.5406
25.5442
25.5973
25.5514
25.5507
25.5593
25.5499
25.5012
25.593
25.39
25.5234
25.3412
25.129
24.7754
24.3565
24.1916
24.0647
24.2009
24.2203
24.3128
24.3852
24.302
24.2095
24.0403
23.8359
23.7534
23.8366
23.6372
23.785
-999
-999
-999
-999
-999
-999
-999
23.7096
23.8237
-999
-999
-999
-999
-999
-999
-999
-999
-999
23.1201
23.5375
-999
-999
24.8614
-999
26.0699
24.5201
-999
-999
-999
24.2698
24.8579
25.0199
-999
26.4098
26.2628
26.402
26.7068
26.947
26.9226
26.8079
26.7512
26.5683
26.4708
26.4514
26.3166
26.1689
26.4098
25.8684
25.5614
-999
-999
-999
25.5299
-999
-999
24.8672
24.1801
-999
-999
25.4001
-999
-999
-999
-999
26.1036
26.3905
26.4938
26.44
26.3862
26.3833
26.2535
26.2083
25.981
25.811
25.8519
26.2277
26.5167
26.3783
26.1603
25.5421
25.9336
26.0835
25.6726
25.0422
25.1942
25.3993
25.3721
25.2616
25.575
25.6805
25.6998
25.5887
25.6324
25.626
25.6123
25.6281
25.5227
25.5141
25.5485
25.5837
25.5736
25.4947
25.3542
25.522
25.2473
24.9991
24.3565
24.3028
24.1249
24.1708
24.287
24.3379
24.3322
24.3042
24.1937
24.0403
23.7606
23.7139
23.6566
-999
-999
-999
-999
-999
-999
-999
-999
-999
23.9578
23.7527
-999
-999
-999
-999
-999
-999
-999
22.5148
-999
23.1402
23.8753
24.7453
-999
25.4797
24.8435
26.2148
25.4001
-999
24.5437
24.9748
24.599
24.4053
25.6503
-999
-999
25.8777
26.4636
26.9083
26.952
26.8767
26.8151
26.7842
26.6788
26.6185
26.5224
26.5253
25.9853
26.156
25.9143
25.2215
-999
-999
-999
-999
-999
-999
25.1103
24.1801
-999
-999
-999
-999
-999
-999
26.3876
26.7103
26.8524
26.6716
26.3546
26.2148
26.3152
26.2399
26.1725
26.1187
26.0713
25.8038
25.7959
26.2327
26.379
26.1603
25.8533
26.0986
25.7178
25.3298
24.5574
24.8485
25.5772
25.3979
25.2817
25.2473
25.276
25.6919
25.7185
25.7149
25.7106
25.6597
25.6202
25.5055
25.5657
25.5636
25.5837
25.5786
25.5636
25.5033
25.5793
25.5119
25.1297
24.6097
24.2748
24.1063
24.1694
24.2497
24.3336
24.2016
24.2131
24.1414
23.9284
23.6845
23.6602
-999
-999
-999
-999
-999
24.1701
24.7503
-999
-999
-999
23.8631
24.0173
-999
-999
-999
24.0403
-999
-999
-999
-999
-999
22.8003
-999
24.5602
24.68
-999
-999
-999
25.3047
25.3549
24.69
24.4268
24.619
25.2753
25.6374
25.6224
-999
26.1452
26.2571
26.9241
26.9606
26.8767
26.8036
26.6537
26.526
26.587
26.3625
26.3998
25.905
25.9853
25.991
25.2602
24.845
24.4448
-999
-999
-999
-999
25.0823
25.3613
24.8815
24.845
-999
-999
25.9602
25.5528
25.9681
26.6903
26.8158
26.7742
26.5117
26.3202
26.1911
26.3353
26.4034
26.5318
26.0713
25.8074
25.6719
25.7271
25.9982
26.1538
26.1373
26.2894
25.8547
-999
25.423
25.9903
25.5772
25.342
25.4703
25.3255
25.2078
25.456
25.6977
25.7149
25.6138
25.3757
25.5148
25.4503
25.5485
25.565
25.5227
25.5291
25.4725
25.5664
25.433
25.5485
25.1211
24.4849
24.1457
24.1063
24.1464
24.2676
24.2719
24.1192
24.1686
24.0209
23.7835
23.6193
23.6602
-999
-999
-999
-999
-999
-999
25.1203
-999
-999
24.145
-999
23.8724
23.9026
-999
-999
-999
-999
22.9351
-999
-999
-999
23.1302
22.7902
24.495
24.9052
-999
-999
-999
-999
24.8048
23.4801
24.6922
24.429
25.2753
25.6209
26.2011
26.2133
26.0412
26.762
26.8753
26.7842
26.6996
26.6429
26.6236
26.3704
26.4995
26.3625
26.5181
26.047
26.2277
26.0247
-999
-999
24.7453
-999
-999
-999
-999
25.504
25.116
24.3623
25.5248
-999
26.0426
25.8461
25.9932
26.1509
26.3044
26.6982
26.9642
26.8739
26.3202
26.2112
26.7261
26.663
26.8753
26.5389
26.336
25.9243
25.7909
25.7644
25.8124
26.389
26.2894
25.9609
25.8598
25.8928
26.0355
25.8727
25.5765
25.4947
25.3821
25.0917
25.2731
25.5829
25.5908
25.2946
25.0996
25.2638
25.3699
25.517
25.3929
25.4244
25.4044
25.4725
25.4216
25.1949
25.3506
24.8406
24.2719
24.1113
24.1579
24.193
24.0553
24.0604
23.9829
24.0668
24.0152
23.7541
-999
-999
-999
-999
-999
-999
-999
-999
-999
-999
-999
-999
-999
23.8854
24.2547
24.0503
-999
23.8101
-999
23.0097
-999
-999
-999
23.2772
22.8799
23.3876
23.8222
-999
24.8801
25.035
-999
23.8681
24.5703
-999
-999
25.1914
25.4947
26.0003
26.3747
26.3553
26.4414
26.5562
26.3008
26.7763
26.6666
26.6838
26.5332
26.4306
26.2973
26.2284
26.1258
26.0828
26.2191
-999
-999
24.4849
25.1698
24.9497
-999
25.5951
25.9716
25.5177
25.2078
25.5248
24.0948
25.3771
25.5399
25.5055
26.1509
26.4306
26.7032
26.8194
26.8208
26.8409
26.7268
26.8882
26.8997
26.9406
26.8229
26.6064
26.1782
25.9136
25.9602
26.0613
26.5719
26.3869
25.8942
25.9645
25.8483
25.8196
25.9372
25.8067
25.4947
25.2401
25.1232
25.1641
25.2301
25.2667
25.0701
25.0996
25.1863
25.1763
25.2014
25.1792
25.3549
25.4087
25.1239
25.1024
25.0429
25.0737
24.1227
24.1364
24.1177
24.1378
24.1514
24.0553
23.9399
23.8803
23.9807
23.8968
23.8481
-999
-999
-999
-999
-999
-999
-999
-999
-999
-999
-999
24.9353
24.8801
25.1698
-999
23.8653
23.8502
23.4601
23.313
-999
-999
-999
-999
-999
22.8799
23.6681
24.3652
24.2898
25.1153
24.9253
-999
23.7096
24.5703
-999
25.9322
25.7421
26.2377
26.506
26.4177
26.4486
26.4414
25.9731
26.0391
26.4952
26.6967
26.6515
26.5619
26.3553
26.3467
26.0369
26.2198
26.412
25.6453
25.3699
25.6597
24.8198
24.315
24.5853
25.2215
26.1223
25.915
25.2609
25.0522
24.9303
24.7402
25.4323
25.314
25.5542
25.6912
26.4235
26.6372
26.7484
26.7512
26.8215
26.7727
26.7864
26.9069
26.9162
26.8717
26.7053
26.1782
26.0305
26.0376
26.3073
26.5189
26.2392
25.8985
25.9573
25.7421
25.4911
25.9021
25.8741
25.504
25.1892
25.0866
25.116
25.1096
25.0558
25.0529
25.0128
25.1168
25.1655
24.9862
25.096
25.2222
25.3283
25.2301
24.9468
25.0429
24.6111
23.98
24.0317
24.0898
24.1536
24.0711
23.9076
23.8689
23.8803
23.8122
23.6752
-999
-999
-999
-999
-999
-999
-999
25.6353
25.8698
-999
24.5853
24.7151
24.3472
24.8622
25.1698
-999
23.5999
-999
23.3719
-999
-999
-999
23.1101
-999
-999
23.4852
23.8925
24.6649
-999
25.04
25.4911
-999
24.4003
24.8198
24.1801
25.6274
26.2449
26.28
26.5985
26.4873
26.3066
26.0842
26.0678
26.0018
26.085
26.3747
26.6515
26.5827
26.521
25.9724
-999
25.9566
26.0929
25.8892
25.887
25.5973
25.1003
24.495
-999
24.7625
25.4467
25.4962
25.0551
25.3183
24.8227
25.2975
26.3116
25.5141
26.0097
25.9286
26.2349
26.5913
26.6566
26.729
26.7433
26.62
26.7864
26.9262
26.9563
26.9442
26.7613
26.4952
25.9982
26.0011
26.2198
26.4278
26.1466
25.9408
25.9573
25.7149
25.3879
25.6102
25.9408
25.4051
25.068
25.0866
25.1017
25.0752
25.0644
25.1031
25.0443
25.0565
25.1655
25.0723
25.1153
25.2401
25.2652
25.1447
24.85
24.8285
24.2095
23.9793
23.9478
23.9772
24.0374
24.0116
23.9004
23.8488
23.8395
23.7261
-999
-999
-999
-999
-999
-999
-999
-999
26.1818
-999
-999
-999
24.7151
24.8349
25.1153
23.8301
25.1247
23.4199
23.6523
-999
-999
-999
-999
23.1101
23.0298
-999
23.1947
23.3453
23.7003
24.0202
24.145
-999
24.4498
-999
-999
-999
25.6303
26.4113
26.275
26.3145
26.6229
26.6207
26.1911
25.9387
26.0728
26.1796
26.095
26.5303
26.5913
26.5088
26.5217
25.9035
25.9566
26.0197
25.4976
25.4044
25.6102
25.2473
-999
-999
24.3752
25.347
25.352
24.4347
25.2559
25.905
26.0964
26.3116
25.7214
25.8748
25.3097
26.5311
26.5913
26.7756
26.7053
26.6021
26.6594
26.7383
26.8222
26.9119
26.9714
26.8846
26.5992
26.3489
25.9917
26.1058
26.3819
26.1402
25.9322
25.783
25.6138
25.4187
25.4768
25.7421
25.0924
25.0027
25.1275
25.0407
24.9267
25.0214
24.8772
25.0917
25.0952
25.0859
25.1031
25.1103
25.1842
25.2136
25.1734
24.8571
24.7065
24.0847
23.9793
24.0618
23.8567
23.9958
23.8968
23.8667
23.8724
23.8818
-999
-999
-999
-999
-999
-999
-999
-999
-999
26.1352
24.7051
25.1426
-999
-999
24.3852
24.2052
-999
24.3487
23.5598
23.1201
-999
-999
-999
-999
-999
22.9473
22.9451
23.7226
-999
-999
24.3099
24.3974
-999
25.3398
24.7503
-999
-999
-999
26.8473
26.6781
26.3145
26.9097
26.7577
26.3489
25.8088
25.7751
25.9924
26.0448
26.2392
26.544
26.4808
26.3367
26.3073
25.6009
25.6138
24.6147
25.4775
25.385
25.2473
24.5947
-999
24.9898
25.3348
25.352
25.74
-999
26.4185
26.2198
26.047
25.7536
26.2987
26.4364
26.5798
26.8115
26.7713
26.6688
26.6013
26.6415
26.6738
26.7498
26.8244
26.9714
26.9685
26.7792
26.5698
25.9917
26.0842
26.6716
26.2427
25.7766
25.6131
25.6095
25.4187
25.4273
25.6518
25.0508
24.9697
25.0092
25.0013
24.9267
24.6614
24.7302
24.9152
24.8234
24.9805
24.9834
25.1103
25.1641
25.0207
24.9977
24.8636
24.6649
24.1127
24.074
24.3458
23.8567
23.856
23.7692
23.8273
23.8122
-999
-999
-999
-999
-999
-999
-999
-999
-999
-999
26.1897
24.7051
25.1053
25.1914
24.7252
24.7453
24.7101
25.215
-999
23.4149
-999
23.1997
23.1897
-999
-999
-999
22.5672
-999
-999
23.2671
22.8153
-999
-999
-999
25.1799
24.8701
-999
-999
-999
27.0338
27.1335
26.9377
27.1407
26.8731
26.0699
25.5248
25.7751
-999
-999
26.3596
26.1502
26.3876
26.4694
25.9953
25.8842
26.1151
-999
-999
24.4978
25.4101
24.8851
24.7381
24.9002
25.7859
25.7127
26.351
26.8947
26.5963
26.2341
25.6676
25.9085
26.1925
26.5246
26.5798
26.7641
26.7684
26.6322
26.5052
26.577
26.6437
26.6451
26.8244
26.9872
27.0123
26.8624
26.8997
26.4149
26.6788
26.7684
26.0878
25.7278
25.6238
25.5428
25.4919
25.4832
25.5944
25.1634
24.9783
25.04
24.8141
24.6484
24.5459
24.4641
24.6986
24.7073
24.7388
24.6671
24.964
24.964
24.9619
24.9647
24.7359
24.7431
24.6111
24.3989
24.4864
23.9721
23.6609
23.767
23.7326
-999
-999
-999
-999
-999
-999
-999
-999
-999
-999
-999
-999
25.9623
25.0802
24.9948
24.7223
24.3917
23.9148
25.2953
-999
-999
23.7713
23.3597
23.1897
22.8799
-999
-999
-999
-999
-999
-999
-999
-999
-999
-999
24.5222
24.2353
-999
26.9901
-999
27.0345
27.0926
27.0474
27.2461
26.6953
26.2973
25.7199
-999
-999
24.845
25.7142
25.9716
26.3876
26.407
26.3353
25.9709
25.9351
25.963
-999
25.4051
25.1182
25.0501
-999
25.8497
26.3467
25.5499
26.4902
26.9807
26.6716
26.3302
25.7766
25.9552
26.3281
26.4938
26.6472
26.7692
26.6365
26.6322
26.5232
26.5425
26.625
26.6494
26.7089
26.8387
26.9492
26.9427
26.9033
26.7541
26.8459
26.7684
26.1352
25.6554
25.5263
25.5378
25.4668
25.4474
25.6303
25.3929
25.0701
24.8657
24.713
24.5982
24.4498
24.4641
24.7438
24.845
24.6248
24.4039
24.761
24.7876
24.9619
24.7926
24.7438
24.6922
24.6499
24.5746
24.1486
23.8717
23.63
23.767
-999
-999
-999
-999
-999
-999
-999
-999
-999
-999
-999
-999
-999
-999
25.6503
24.6248
25.035
24.68
24.3049
24.1299
-999
-999
23.8352
23.3152
-999
-999
-999
-999
23.6551
-999
-999
-999
-999
-999
-999
23.8251
24.9597
26.3152
26.8631
27.226
27.3537
27.2368
26.706
26.9212
26.7799
26.8631
26.3776
25.2588
-999
24.0847
-999
25.4567
26.3582
26.5447
26.5597
26.2958
26.0957
26.4823
25.963
-999
25.532
25.4947
25.9465
-999
26.1703
26.577
26.5181
26.6652
26.9807
26.6006
26.3388
26.1201
26.1509
26.3281
26.4457
26.5533
26.7369
26.6185
26.5669
26.4522
26.5016
26.577
26.6099
26.5683
26.6243
26.635
26.9434
26.6429
26.795
26.5691
26.4909
25.844
25.636
25.6059
25.5614
25.4431
25.4101
25.6303
25.6561
25.5464
25.0773
24.7947
24.6355
24.6535
24.67
24.8263
24.8048
24.6061
24.3565
24.6083
24.604
24.7553
24.741
24.6972
24.6169
24.3752
24.2812
23.7283
23.8316
23.6064
23.7434
-999
-999
-999
-999
-999
-999
-999
-999
-999
-999
-999
-999
-999
-999
-999
24.7976
24.9002
24.5947
25.1053
-999
-999
-999
23.4048
-999
-999
-999
-999
-999
-999
23.08
-999
-999
23.1753
-999
-999
23.2198
25.3922
26.3726
26.9277
27.2375
27.302
27.3314
27.15
26.6365
26.625
26.8631
26.0183
25.385
23.7699
23.1273
24.1149
-999
26.2851
26.5841
26.4557
26.4393
26.2929
26.4414
26.2176
25.7551
25.8863
25.7235
26.2678
26.1997
26.4938
26.4873
26.7448
26.7577
26.8272
26.686
25.9028
26.1466
26.0412
26.1882
26.5648
26.7032
26.653
26.516
26.4636
26.4672
26.4651
26.4808
26.5798
26.5081
26.5189
26.635
26.6939
26.3353
26.4543
26.2886
26.0591
25.74
25.5528
25.5865
25.5299
25.4424
25.4632
25.5987
25.6001
25.3843
25.4158
25.0544
24.7653
24.9002
24.8507
24.9131
24.794
24.5115
24.3329
24.4534
24.5932
24.6183
24.6384
24.6972
24.4111
24.0718
23.9829
23.7039
23.6695
-999
23.7598
-999
-999
-999
-999
-999
-999
-999
-999
-999
-999
-999
-999
26.5483
-999
25.9451
24.2698
25.0113
25.2215
25.2903
-999
-999
23.2198
23.5899
-999
23.8603
23.4701
24.505
-999
-999
23.08
-999
23.3231
23.1703
24.315
-999
23.6953
25.603
26.3726
27.1299
27.2877
27.3013
27.3085
27.3013
26.3769
26.0513
26.0312
-999
-999
-999
23.5203
24.1149
-999
26.0878
26.6114
26.4737
26.549
26.3001
26.564
26.3948
26.0828
25.659
26.3152
26.3475
26.4098
26.3252
26.0175
26.658
26.686
26.8151
26.7032
26.2112
25.8225
26.0297
26.265
26.6931
26.5891
26.5511
26.4866
26.2241
26.1868
26.4651
26.4801
26.4808
26.4758
26.4586
26.4916
26.4471
26.09
26.1832
26.0462
25.9028
25.7084
25.5528
25.6339
25.466
25.3742
25.499
25.5844
25.2322
25.3843
25.0687
24.9088
24.9999
24.9324
24.8894
24.7453
24.794
24.5229
24.2647
24.439
24.467
24.6398
24.4842
24.5753
24.2447
24.0718
23.7362
-999
23.5052
-999
-999
-999
-999
-999
-999
-999
-999
-999
-999
-999
-999
-999
-999
26.8272
26.445
26.3883
26.6953
-999
25.2824
25.2903
25.2652
24.5323
23.762
23.8732
24.8464
23.975
-999
24.7653
-999
-999
23.4952
24.2898
23.3568
23.6028
24.2253
23.0448
-999
25.9788
26.7763
26.6802
27.0661
27.1686
27.3637
27.411
26.9499
26.7233
26.8947
26.2413
25.8253
-999
24.7101
24.7173
-999
-999
26.3353
26.4765
26.549
26.4012
26.5138
26.5827
26.1015
26.2155
26.3926
26.3238
26.351
26.2241
26.166
26.2951
26.4816
26.5547
26.1208
25.9078
25.8641
26.3934
26.5425
26.5361
26.5891
26.6336
26.4357
26.3073
26.2069
26.3245
26.4027
26.3769
26.5117
26.4579
26.3769
26.3087
26.09
26.0197
25.9301
25.8361
25.6618
25.6905
25.646
25.4409
25.3857
25.3993
25.4158
24.8758
24.9726
24.8973
24.8722
24.8909
24.7696
24.7869
24.7173
24.7295
24.4032
24.2647
24.2583
24.3157
24.5287
24.5086
24.4885
24.0073
23.8323
23.5497
-999
-999
-999
-999
-999
-999
-999
-999
-999
-999
-999
-999
-999
-999
-999
-999
27.2138
27.0173
26.8402
26.6953
25.8849
25.4797
25.1519
25.2423
-999
24.5301
24.6076
24.9425
24.145
24.675
24.7653
24.8851
24.2396
23.7018
23.8215
-999
24.155
24.1651
-999
25.5148
26.2478
26.4012
26.6013
26.9097
27.117
27.3121
27.411
27.2898
26.9234
26.6214
26.5418
25.7551
25.1476
-999
24.4232
24.6198
25.745
26.2227
26.4163
26.6637
26.3381
26.6121
26.4644
26.4529
26.2155
26.3424
26.3668
26.587
26.2772
26.166
26.1416
26.1481
26.3216
26.0828
25.9078
26.1509
26.5827
26.5985
26.5189
26.5741
26.5483
26.3123
26.3761
26.3059
26.1768
26.2069
26.2033
26.4371
26.4328
26.2908
26.2227
26.0756
26.034
26.1538
25.9301
25.7235
25.768
25.735
25.4409
25.4495
25.281
25.1383
24.8801
24.9217
24.8406
24.8722
24.7783
24.5129
24.5875
24.5688
24.6915
24.2526
24.1421
23.8739
24.0324
24.3214
24.1758
24.3587
23.8265
23.7297
-999
-999
-999
-999
-999
-999
-999
-999
-999
-999
-999
-999
-999
-999
-999
-999
-999
27.221
27.2439
27.041
26.7649
26.4098
25.5872
25.0537
25.0666
-999
24.538
25.0113
25.342
-999
25.3298
24.8614
-999
24.7897
24.4154
24.3766
24.6628
24.6097
24.0101
-999
-999
26.412
26.5282
26.8179
27.107
27.1335
27.2712
27.2411
27.2647
27.1098
26.4938
26.2822
26.4349
-999
24.8822
24.5172
24.5057
25.5901
25.7278
26.1115
26.6422
26.6523
26.6085
26.5411
26.5167
26.5927
26.483
26.2664
26.351
26.0799
26.0663
26.047
26.2413
26.3403
26.0125
26.0262
26.3252
26.5483
26.554
26.5267
26.564
26.5626
26.3561
26.0728
26.374
26.1309
26.1072
26.2033
26.2033
26.2521
26.351
26.2076
26.1509
26.2829
26.156
26.0649
25.659
25.8139
25.8103
25.669
25.4517
25.1978
24.9489
24.9468
24.8909
24.8457
24.8069
24.6097
24.4505
24.4691
24.4742
24.505
24.2009
24.0367
23.8975
24.0324
23.9406
23.8724
24.0202
-999
-999
-999
-999
-999
-999
-999
-999
-999
-999
-999
-999
-999
-999
-999
-999
-999
-999
-999
27.221
26.6917
26.7699
26.6279
26.4586
26.4938
26.1947
25.8999
25.7601
24.86
25.4474
25.342
25.6339
25.5327
25.5399
25.4409
24.8952
24.7101
-999
24.3551
24.0417
-999
24.16
-999
26.4665
26.7562
27.0123
27.1536
27.1658
27.1493
27.1959
27.2898
27.1399
26.9764
26.7634
26.4349
-999
24.9848
24.3558
24.6126
25.4302
25.6747
26.2377
26.6006
26.8502
26.8186
26.7068
26.7921
26.3991
26.6315
26.4185
26.2808
26.3367
25.8375
25.8483
26.2449
26.2341
26.2729
26.2721
26.2793
26.5791
26.4579
26.6401
26.5999
26.6207
26.3561
26.166
26.3833
26.1438
26.1058
26.1215
26.123
26.1768
26.2427
26.2478
26.2987
26.3302
26.156
26.0082
25.6009
25.7457
25.8296
25.7264
25.517
25.1978
25.063
24.9898
24.8873
24.845
24.8005
24.4613
24.4505
24.4032
24.4749
24.4089
24.1235
24.0431
23.9399
23.9485
23.8638
23.8158
23.8065
-999
-999
-999
-999
-999
-999
-999
-999
-999
-999
-999
-999
-999
-999
-999
-999
-999
-999
-999
27.0976
26.9614
26.4672
26.2929
26.5877
26.3776
26.1653
26.176
25.7751
25.253
25.2961
25.6511
26.024
25.3247
25.5306
25.6661
25.598
24.8952
25.1957
24.3551
23.7548
-999
24.5452
25.7852
26.719
26.9779
27.2031
27.1536
27.1959
27.254
27.1278
27.1572
27.2224
27.1378
27.0173
26.6386
26.5124
-999
24.9547
24.6649
25.4302
25.4947
26.5999
26.7814
26.9893
26.8186
26.8452
26.7613
26.7053
26.7627
26.6128
26.3518
26.3869
25.9064
26.0721
26.2449
26.227
26.4378
26.1775
26.3905
26.5791
26.488
26.6372
26.5942
26.549
26.4816
26.4292
26.3532
26.1452
26.0584
26.0197
26.0964
26.1818
26.2578
26.2564
26.242
26.2277
26.1409
25.7837
25.7622
25.7988
25.7802
25.6769
25.5227
25.362
25.1835
25.1132
24.936
24.9138
24.812
24.4684
24.4319
24.3415
24.3702
24.3816
24.1823
23.9377
24.046
23.9148
23.9313
23.8158
23.7347
-999
-999
-999
-999
-999
-999
-999
-999
-999
-999
-999
-999
-999
-999
-999
-999
-999
-999
-999
26.6774
26.318
26.3367
26.1452
26.0649
25.8483
25.9716
25.5937
25.4589
25.1569
25.0099
25.517
25.5872
25.1749
25.5184
26.1036
25.91
25.3965
25.1483
24.8801
-999
25.2996
25.2552
25.9451
26.8359
27.1127
27.2984
27.2267
27.2461
27.3142
27.2002
27.3178
27.1995
27.259
27.1026
27.0202
26.526
-999
-999
24.1801
25.2451
25.9501
26.6953
26.9291
27.008
26.9047
26.8925
27.1026
26.9312
26.9513
26.6128
26.6315
26.3711
25.9623
26.2212
26.0943
26.1036
26.2442
26.2757
26.2743
26.4271
26.4722
26.6458
26.577
26.6322
26.554
26.5253
26.4522
26.0864
26.0376
25.9573
25.9702
26.1818
26.2141
26.2363
26.2241
26.1251
25.9322
25.9731
25.7622
25.8856
25.7866
25.7307
25.5707
25.342
25.248
25.0967
25.0379
24.8966
24.7854
24.6011
24.439
24.3207
24.3702
24.4053
24.2676
24.1701
24.2009
23.9729
23.97
-999
-999
-999
-999
-999
-999
-999
-999
-999
-999
-999
-999
-999
-999
-999
-999
-999
-999
-999
-999
-999
26.3152
26.0685
26.3051
25.626
25.6188
25.5141
25.2731
25.6367
25.4589
25.0874
25.0522
25.4689
25.6389
25.4553
25.5313
26.085
26.095
25.8325
25.7178
25.1225
25.0336
25.2179
25.1218
25.745
27.1177
27.2432
27.3379
27.307
27.292
27.297
27.2999
27.3515
27.1995
27.3451
27.0087
27.0331
26.8803
26.506
-999
24.32
25.3348
26.2499
26.9779
27.1041
27.2432
26.9936
27.1751
27.1399
26.9929
26.8559
26.8043
26.6013
26.3353
26.0556
26.1538
26.0527
26.1947
26.1409
26.3503
26.3869
26.5877
26.6322
26.6257
26.5741
26.6458
26.5425
26.4952
26.4522
26.1753
25.981
25.8899
25.8949
25.9415
26.1373
26.1438
26.232
26.1409
25.9989
25.9903
25.9408
25.8899
25.626
25.5442
25.4438
25.3276
25.2093
25.0967
24.9748
24.9131
24.7732
24.548
24.4412
24.3924
24.3903
24.335
24.2088
24.1851
24.15
24.0037
-999
-999
-999
-999
-999
-999
-999
-999
-999
-999
-999
-999
-999
-999
-999
-999
-999
-999
-999
-999
-999
-999
26.1818
25.9014
26.0893
25.9035
25.9222
25.636
25.4624
25.5026
25.385
25.3291
25.4359
25.5765
25.6288
25.4703
25.7522
26.3037
26.095
26.199
25.8598
25.446
24.9583
25.7199
25.4603
26.7283
27.1177
27.2583
27.2403
27.3472
27.2819
27.188
27.3235
27.2203
27.2999
27.1493
27.165
27.1751
27.0037
26.506
-999
-999
-999
26.5511
27.0567
27.2525
27.3881
27.1428
27.2927
27.1299
27.0281
26.8201
26.7756
26.729
26.5562
26.2112
26.0362
26.2198
26.2564
26.3489
26.3374
26.4177
26.6451
26.6307
26.6257
26.6415
26.5554
26.5038
26.5167
26.3625
26.1639
25.8813
25.8268
25.9114
26.0398
26.0721
26.1438
26.2011
26.1015
26.0211
25.8626
25.9559
25.7371
25.418
25.4467
25.3341
25.2724
25.0336
24.9913
24.8313
24.7517
24.7474
24.515
24.4333
24.3558
24.2382
24.1414
24.2088
24.1098
-999
-999
-999
-999
-999
-999
-999
-999
-999
-999
-999
-999
-999
-999
-999
-999
-999
-999
-999
-999
-999
-999
-999
-999
26.2011
25.8971
26.2148
26.1689
25.6503
25.636
25.6468
25.2365
25.4632
25.7335
25.7773
25.7866
25.7522
25.7185
25.8368
25.8182
26.3259
26.0735
26.2872
25.5801
25.2839
25.9623
25.7924
27.0761
27.3501
27.3436
27.3465
27.3321
27.3235
27.1321
27.183
27.2167
27.1629
27.1751
27.264
27.2217
27.2741
27.0847
27.0654
27.0202
26.805
27.1478
27.0567
27.3673
27.3601
27.3243
27.2927
27.1299
27.0948
27.0001
26.6422
26.511
26.5562
26.5181
26.3977
26.1409
26.3152
26.3489
26.3123
26.62
26.7139
26.6257
26.6006
26.5081
26.4185
26.4622
26.3302
26.4507
26.1029
25.7163
25.7285
25.8117
25.9831
25.9516
26.1058
26.0312
25.9473
26.0154
25.717
25.7701
25.4201
25.418
25.1411
24.9547
25.1225
24.9353
24.8442
24.675
24.7517
24.5782
24.5107
24.429
24.4419
24.211
24.0661
24.0266
23.9499
-999
-999
-999
-999
-999
-999
-999
-999
-999
-999
-999
-999
-999
-999
-999
-999
-999
-999
-999
-999
-999
-999
-999
-999
25.9932
26.3324
26.2148
26.1151
26.3331
26.0929
25.6317
25.6001
25.537
25.7199
25.8261
25.7651
25.6611
25.7185
26.1402
26.0929
26.3532
26.5397
26.6099
25.7163
25.5966
25.9623
26.7089
27.4598
27.2748
27.4447
27.4103
27.2862
27.3164
27.1321
27.2002
27.2425
27.2461
27.2253
27.4003
27.3235
27.4734
27.4089
27.3988
27.3752
27.2447
27.216
27.3494
27.3802
27.3515
27.3228
27.2231
27.0862
27.1923
27.1062
26.97
26.7498
26.6429
26.6774
26.7857
26.3475
26.3001
26.4055
26.3367
26.6616
26.7692
26.6035
26.4751
26.3288
26.346
26.3367
26.1818
26.0878
25.9336
25.7163
25.7292
25.6934
25.8677
25.8433
25.9358
25.6941
25.537
25.6597
25.5148
25.5815
25.1153
25.1476
24.8858
24.7983
24.8779
24.8091
24.7603
24.685
24.7044
24.6578
24.6047
24.401
24.51
24.2547
23.9793
23.8101
-999
-999
-999
-999
-999
-999
-999
-999
-999
-999
-999
-999
-999
-999
-999
-999
-999
-999
-999
-999
-999
-999
-999
-999
-999
26.4658
26.7692
26.4192
26.5483
26.4471
26.3102
25.915
25.6575
25.5119
25.2121
26.0175
26.1086
26.2449
26.1137
26.1452
26.3783
26.3675
26.5253
26.6939
26.4601
26.4098
26.4651
26.8767
27.5459
27.4261
27.4268
27.4519
27.3902
27.2769
27.2152
27.297
27.2583
27.3178
27.4204
27.4003
27.358
27.4799
27.553
27.4906
27.3673
27.2188
27.3974
27.4627
27.4118
27.3716
27.2949
27.226
27.1988
27.2325
27.0948
27.0159
26.9241
26.6315
26.6731
26.7849
26.3618
26.4213
26.4393
26.4098
26.5526
26.7842
26.587
26.3116
26.0943
26.346
26.4048
26.2234
25.91
25.7307
25.679
25.6862
25.5865
25.6783
25.6439
25.7127
25.4553
25.537
25.4581
25.4624
25.4711
24.9862
24.9705
24.7632
24.7983
24.812
24.8335
24.8026
24.7094
24.6614
24.5559
24.6047
24.5007
24.4613
24.2439
23.8983
23.785
-999
-999
-999
-999
-999
-999
-999
-999
-999
-999
-999
-999
-999
-999
-999
-999
-999
-999
-999
-999
-999
-999
-999
-999
-999
26.8308
26.7591
26.6831
26.6788
26.5712
26.7548
26.303
26.2162
25.5048
25.8361
26.0175
26.0893
26.2119
26.2033
26.1
26.3776
26.1897
26.3044
26.9599
26.635
26.4988
26.97
27.2963
27.6068
27.3149
27.4799
27.4663
27.411
27.2497
27.2984
27.4017
27.3673
27.4627
27.4239
27.4978
27.4326
27.5143
27.5824
27.5982
27.3673
27.3587
27.335
27.3651
27.4612
27.2497
27.2497
27.2425
27.2403
27.1772
27.1428
27.0919
27.041
26.7914
26.843
26.8753
26.5253
26.4601
26.4658
26.4407
26.5526
26.6221
26.5841
26.346
26.4185
26.3403
26.417
26.3934
25.9659
25.844
25.6991
25.6625
25.5887
25.6374
25.4323
25.4402
25.3377
25.3793
25.4589
25.4668
25.4668
25.0386
24.8034
24.7517
24.7668
24.85
24.8973
24.8077
24.708
24.6614
24.5932
24.6147
24.5208
24.3981
24.2597
-999
-999
-999
-999
-999
-999
-999
-999
-999
-999
-999
-999
-999
-999
-999
-999
-999
-999
-999
-999
-999
-999
-999
-999
-999
-999
-999
27.0438
26.8767
26.6838
26.488
26.8194
26.6408
26.1947
26.2313
25.7751
25.8999
26.1215
26.0678
26.5289
25.9014
25.9781
26.3711
26.3761
26.4098
26.9599
26.7562
26.8272
27.084
27.3587
27.586
27.3451
27.5631
27.4663
27.5279
27.3372
27.2934
27.4297
27.4749
27.4584
27.4476
27.5322
27.477
27.5738
27.6298
27.6549
27.543
27.3113
27.429
27.3967
27.434
27.2497
27.2597
27.2109
27.1973
27.1378
27.1428
27.1973
27.1536
26.9814
26.8653
26.8753
26.6401
26.4837
26.4852
26.5153
26.5734
26.5942
26.5009
26.62
26.559
26.4084
26.4507
26.2815
26.0921
25.9401
25.7766
25.8849
25.5887
25.575
25.3549
25.3628
25.2552
25.3843
25.4237
25.4668
25.4617
25.2337
24.8471
24.9038
24.8034
24.8435
24.8973
24.8242
24.7833
24.6872
24.5523
24.5875
24.4627
24.3981
24.2325
-999
-999
-999
-999
-999
-999
-999
-999
-999
-999
-999
-999
-999
-999
-999
-999
-999
-999
-999
-999
-999
-999
-999
-999
-999
-999
-999
27.2152
27.2798
26.7591
27.1163
26.5425
26.8775
26.417
26.554
26.0699
25.8748
25.5693
26.3087
26.5117
26.2019
26.2112
26.2721
26.2772
26.4471
26.79
27.0058
26.9915
27.2152
27.6348
27.6549
27.4648
27.571
27.586
27.4785
27.3501
27.3178
27.4462
27.4749
27.4196
27.566
27.5165
27.5301
27.637
27.6298
27.6628
27.5925
27.4863
27.4139
27.4447
27.3429
27.2841
27.3314
27.1163
27.15
27.0718
27.2576
27.1966
27.1636
26.9857
26.97
26.9771
26.6587
26.5626
26.5253
26.6272
26.6501
26.6716
26.521
26.4163
26.4708
26.5103
26.4443
26.2815
26.3059
25.9465
25.9272
25.9803
25.7651
25.6503
25.4962
25.385
25.3398
25.3498
25.3011
25.4201
25.461
25.3886
24.9597
25.0264
24.8858
24.921
24.9877
24.8062
24.6721
24.5079
24.5301
24.4813
24.3472
24.2067
-999
-999
-999
-999
-999
-999
-999
-999
-999
-999
-999
-999
-999
-999
-999
-999
-999
-999
-999
-999
-999
-999
-999
-999
-999
-999
-999
-999
27.4569
27.2389
27.0797
27.2002
26.9908
26.8896
26.6415
26.554
26.3991
26.0312
25.494
26.3733
26.6551
26.5303
26.4063
26.4407
26.351
26.691
26.79
26.9327
27.1873
27.3515
27.6147
27.6549
27.5767
27.5552
27.6212
27.4885
27.4067
27.3974
27.4369
27.5036
27.4742
27.5265
27.515
27.6075
27.637
27.6391
27.675
27.5631
27.5193
27.3372
27.3049
27.2898
27.2913
27.254
27.0374
27.0682
27.0768
27.1916
27.1134
27.0073
27.0252
27.0639
26.9183
26.577
26.5863
26.5648
26.6709
26.7283
26.7821
26.521
26.4658
26.3941
26.3984
26.2901
26.3948
26.2363
25.8971
25.8677
25.9071
26.0642
25.9831
25.4962
25.3807
25.3879
25.3377
25.2939
25.4151
25.3283
25.3592
25.1591
25.2279
24.9389
25.0694
25.0128
24.7826
24.6721
24.5423
24.3357
24.3135
24.0582
24.0388
-999
-999
-999
-999
-999
-999
-999
-999
-999
-999
-999
-999
-999
-999
-999
-999
-999
-999
-999
-999
-999
-999
-999
-999
-999
-999
-999
-999
27.7223
27.5932
27.3558
27.3752
27.1787
26.9922
26.9069
26.6214
26.6286
26.5425
26.5798
26.8889
26.8072
26.5934
26.6013
26.4407
26.4988
26.549
26.9449
27.0051
27.0969
27.5875
27.69
27.7252
27.5552
27.5351
27.614
27.4964
27.4139
27.5423
27.4899
27.4569
27.4584
27.5265
27.5452
27.652
27.6735
27.6563
27.5997
27.4978
27.4949
27.3372
27.3415
27.2827
27.3027
26.9814
27.0374
27.0108
27.0051
27.0216
26.8961
27.0073
26.9987
27.0732
26.8653
26.45
26.5863
26.5447
26.6386
26.719
26.79
26.597
26.4306
26.4012
26.3847
26.3188
26.2843
26.2628
26.1897
25.8634
26.1581
26.1545
26.1165
25.7328
25.451
25.489
25.4058
25.38
25.3269
25.3126
25.3592
25.3219
25.2494
25.1168
25.1541
24.9948
24.8012
24.5193
24.3881
24.1959
24.0747
23.9542
23.7147
-999
-999
-999
-999
-999
-999
-999
-999
-999
-999
-999
-999
-999
-999
-999
-999
-999
-999
-999
-999
-999
-999
-999
-999
-999
-999
-999
-999
27.85
27.68
27.5552
27.6197
27.1787
27.15
27.0424
26.8896
27.2002
27.2425
27.2023
27.1055
27.2461
26.7247
26.9126
26.3553
26.4973
26.7161
26.8509
26.795
27.2418
27.2403
27.7632
27.7302
27.6864
27.5925
27.614
27.4196
27.4139
27.6147
27.5466
27.5423
27.4268
27.4734
27.5236
27.6047
27.6685
27.675
27.5939
27.5107
27.505
27.2862
27.3601
27.1801
27.1457
26.9549
27.0517
26.9965
26.9915
26.9779
26.9126
26.9621
26.9621
27.0775
26.8437
26.3919
26.5497
26.5368
26.7541
26.8617
26.8158
26.6723
26.5361
26.3432
26.3776
26.3618
26.2413
26.2377
26.1897
26.2083
26.2219
26.166
26.0269
25.7357
25.4223
25.7974
25.6941
25.6339
25.3556
25.314
25.362
25.22
25.2329
25.1949
25.1325
25.0314
24.8177
24.4928
24.3587
24.1959
24.0668
-999
-999
-999
-999
-999
-999
-999
-999
-999
-999
-999
-999
-999
-999
-999
-999
-999
-999
-999
-999
-999
-999
-999
-999
-999
-999
-999
-999
-999
-999
27.87
27.7553
27.8299
27.7022
27.5201
26.9865
27.4125
27.2203
27.3859
27.5028
27.0826
27.5703
27.2461
27.2124
26.9757
26.7268
26.8186
26.7921
26.8488
26.8638
27.2418
27.5057
27.8033
27.7201
27.685
27.6176
27.6377
27.581
27.5502
27.5781
27.5466
27.5609
27.3737
27.5043
27.5616
27.6778
27.6972
27.6398
27.5961
27.5538
27.4347
27.2862
27.391
27.0983
27.0058
26.9449
27.0022
26.9463
26.9693
26.9908
26.9836
26.9563
26.9061
26.9901
26.8567
26.6042
26.3575
26.5683
26.8323
26.8502
26.7017
26.706
26.5024
26.3432
26.3367
26.2277
26.2212
26.189
26.2162
26.2492
26.1717
26.1997
26.227
25.844
25.4811
25.7974
25.8339
25.8598
25.3011
25.3513
25.2903
25.1849
25.2329
25.1662
25.0809
24.9697
24.8263
24.505
24.3142
24.216
23.9564
-999
-999
-999
-999
-999
-999
-999
-999
-999
-999
-999
-999
-999
-999
-999
-999
-999
-999
-999
-999
-999
-999
-999
-999
-999
-999
-999
-999
-999
-999
27.8901
27.7553
27.8837
27.7747
27.6699
27.2289
27.4247
27.5803
27.5201
27.5079
27.5609
27.6563
27.5652
27.5552
27.363
27.2303
27.0087
27.0718
27.1213
26.7778
27.1837
27.7123
27.8514
27.6549
27.7582
27.6649
27.6578
27.5473
27.5122
27.515
27.5028
27.5903
27.4921
27.5043
27.571
27.7438
27.6843
27.6018
27.538
27.5717
27.4261
27.3881
27.4347
27.089
26.9657
26.7491
26.9119
26.8911
26.8559
26.9485
26.9398
26.9277
26.9879
26.9571
26.8782
26.9083
26.5705
26.7649
26.8323
26.8186
26.6644
26.6537
26.5397
26.3575
26.2413
26.1739
26.2585
26.2062
26.1531
26.1115
26.0986
26.1674
26.1316
26.0634
25.4381
25.7049
25.8641
25.8963
25.3219
25.2803
25.2932
25.2007
25.2057
25.1261
25.0709
24.8019
24.7331
24.406
24.3343
24.2153
24.0604
-999
-999
-999
-999
-999
-999
-999
-999
-999
-999
-999
-999
-999
-999
-999
-999
-999
-999
-999
-999
-999
-999
-999
-999
-999
-999
-999
-999
-999
-999
27.7653
27.8765
27.9224
27.9152
27.7503
27.5997
27.5122
27.4799
27.5201
27.5079
27.6047
27.5703
27.6886
27.7273
27.6047
27.2117
27.373
27.4935
27.1873
27.2798
27.3451
27.8435
27.7897
27.7001
27.7897
27.6649
27.7101
27.6162
27.5954
27.5982
27.5624
27.5301
27.5215
27.4957
27.7173
27.7374
27.6578
27.6269
27.538
27.6291
27.4118
27.4225
27.3931
27.089
26.9463
26.8524
26.8222
26.615
26.8559
26.8373
26.8072
26.861
26.8983
26.9571
26.9291
26.8767
26.582
26.5669
26.8265
26.7491
26.5275
26.4701
26.5131
26.3941
26.2851
26.2248
26.3596
26.1725
26.1653
26.1402
26.0986
26.0835
26.1466
25.6353
25.5033
25.3929
25.8311
25.8963
25.314
25.1433
25.1125
25.0852
25.0687
24.9669
25.0709
24.8586
24.4469
24.2913
24.1672
24.1041
-999
-999
-999
-999
-999
-999
-999
-999
-999
-999
-999
-999
-999
-999
-999
-999
-999
-999
-999
-999
-999
-999
-999
-999
-999
-999
-999
-999
-999
-999
-999
27.9159
27.9425
27.87
27.7897
27.8198
27.5301
27.5616
27.4978
27.5452
27.3472
27.515
27.4863
27.5703
27.5222
27.6147
27.4498
27.4985
27.4935
27.5473
27.6829
27.5903
27.9253
27.7503
27.8277
27.7166
27.7747
27.7603
27.6348
27.6348
27.5
27.5803
27.5373
27.5932
27.6513
27.6836
27.7474
27.6793
27.619
27.5373
27.6176
27.3659
27.4397
27.434
27.2317
27.107
27.0108
26.8423
26.7828
26.7684
26.7713
26.7398
26.8086
26.8057
26.9442
26.9061
26.8782
26.6487
26.7541
26.8136
26.6623
26.5519
26.5303
26.3733
26.3259
26.2549
26.2248
26.3267
26.28
26.085
26.0799
26.0348
26.1452
26.1
26.0842
25.8813
25.6217
26.0699
26.0032
25.3455
24.9181
24.9138
24.9253
24.8801
24.7381
24.7402
24.6334
24.3114
24.1851
24.069
24.0611
-999
-999
-999
-999
-999
-999
-999
-999
-999
-999
-999
-999
-999
-999
-999
-999
-999
-999
-999
-999
-999
-999
-999
-999
-999
-999
-999
-999
-999
-999
-999
27.8148
27.9389
27.68
27.8858
27.8349
27.7703
27.6384
27.4548
27.4964
27.3917
27.4727
27.2683
27.5997
27.4677
27.5093
27.5968
27.4447
27.6886
27.8026
27.9152
27.8715
27.9747
27.8026
27.7675
27.7352
27.8026
27.7015
27.6764
27.6427
27.5287
27.5803
27.5172
27.7166
27.7273
27.7115
27.7173
27.7101
27.6097
27.6083
27.5215
27.3343
27.4397
27.4462
27.3278
27.1772
26.9822
26.8889
26.7914
26.7247
26.5676
26.7283
26.772
26.7892
26.8502
26.8588
26.8602
26.7089
26.8423
26.8043
26.577
26.5519
26.5848
26.3919
26.3453
26.3224
26.2549
26.3059
26.2133
26.2026
26.0541
25.9953
26.0262
26.1
26.1538
26.1151
26.0821
26.0778
25.8906
25.134
24.9181
24.7216
24.6986
24.7259
24.6427
24.6943
24.4319
24.3114
24.1787
24.0718
-999
-999
-999
-999
-999
-999
-999
-999
-999
-999
-999
-999
-999
-999
-999
-999
-999
-999
-999
-999
-999
-999
-999
-999
-999
-999
-999
-999
-999
-999
-999
-999
27.7402
27.9073
27.8564
27.9016
27.8937
27.8564
27.6384
27.3522
27.4447
27.3888
27.5064
27.4691
27.7072
27.4017
27.4103
27.5925
27.8722
27.7911
27.7359
28.0336
27.8851
27.9382
27.8026
27.7962
27.7876
27.8026
27.7001
27.7101
27.7302
27.6699
27.6599
27.6477
27.7352
27.7173
27.7969
27.7173
27.7036
27.6197
27.609
27.4842
27.4175
27.4361
27.4462
27.4031
27.0403
26.9262
26.8803
26.81
26.6888
26.6566
26.7412
26.686
26.7885
26.8402
26.757
26.8602
26.7319
26.7785
26.7484
26.6064
26.587
26.5397
26.3302
26.4314
26.389
26.4098
26.3596
26.095
26.1151
26.0097
26.09
26.0082
26.105
26.1115
26.0785
26.0398
25.9523
25.7063
24.9934
24.8371
24.8564
24.8614
24.6757
24.6986
24.3852
24.254
24.2332
23.975
23.9915
-999
-999
-999
-999
-999
-999
-999
-999
-999
-999
-999
-999
-999
-999
-999
-999
-999
-999
-999
-999
-999
-999
-999
-999
-999
-999
-999
-999
-999
-999
-999
-999
27.8801
27.9037
27.8514
27.9948
27.8428
27.8837
27.7266
27.7288
27.5301
27.4598
27.3852
27.4849
27.6047
27.5867
27.4103
27.4512
27.7022
27.85
27.7252
28.0293
27.9002
27.9547
27.7151
27.8148
27.7273
27.8048
27.7424
27.7402
27.6527
27.7847
27.7201
27.8091
27.68
27.624
27.7517
27.7244
27.7689
27.5803
27.6011
27.5631
27.4175
27.4118
27.4225
27.4311
27.0223
26.9262
26.8387
26.7907
26.6049
26.7147
26.7412
26.7333
26.6939
26.658
26.7168
26.7233
26.7268
26.7103
26.724
26.6537
26.5949
26.4636
26.4134
26.5375
26.4722
26.4773
26.2836
26.095
25.9487
25.9953
25.9853
25.8698
25.9473
25.915
25.9924
25.8347
25.5227
25.2473
24.9152
24.8916
24.8507
24.8378
24.8686
24.8901
24.4935
24.3752
23.9614
24.0058
23.9915
-999
-999
-999
-999
-999
-999
-999
-999
-999
-999
-999
-999
-999
-999
-999
-999
-999
-999
-999
-999
-999
-999
-999
-999
-999
-999
-999
-999
-999
-999
-999
-999
28.1662
28.0414
27.9898
27.9948
27.9188
28.0077
27.8012
27.8593
27.4949
27.5954
27.7036
27.6972
27.7553
27.5538
27.5014
27.4663
27.2748
27.8198
27.7151
27.9676
28.0601
27.9934
27.7847
27.8234
27.8794
27.7876
27.718
27.7402
27.779
27.8184
27.7567
27.6915
27.6972
27.6527
27.68
27.6714
27.6958
27.6427
27.6979
27.5781
27.5244
27.4161
27.5172
27.4734
27.0912
26.985
26.8323
26.805
26.6852
26.739
26.7147
26.6752
26.7147
26.6386
26.7025
26.6336
26.7469
26.6852
26.6688
26.6064
26.6587
26.4048
26.4134
26.5827
26.402
26.4149
26.123
26.0864
25.9989
25.9301
25.9616
25.7077
25.7586
25.7572
25.9924
25.6532
25.3398
24.9948
24.9081
24.9116
24.7481
24.8378
24.9253
24.9152
24.9289
24.5825
24.0811
23.8079
23.6903
-999
-999
-999
-999
-999
-999
-999
-999
-999
-999
-999
-999
-999
-999
-999
-999
-999
-999
-999
-999
-999
-999
-999
-999
-999
-999
-999
-999
-999
-999
-999
-999
28.1641
28.1103
28.1189
28.0673
28.0049
28.2186
27.9798
28.1103
28.2351
27.8428
28.1239
27.6972
27.9253
27.9202
27.3824
27.4541
27.7653
27.7151
27.8091
27.9676
28.0651
27.9181
27.8112
27.8916
27.8887
27.8901
27.8098
27.8327
27.7689
27.8399
27.7761
27.7266
27.6972
27.7209
27.7108
27.6197
27.7051
27.723
27.695
27.4139
27.449
27.5014
27.4899
27.3415
27.0352
27.0553
26.9592
26.9334
26.6953
26.8272
26.7713
26.7828
26.7699
26.7089
26.6601
26.5497
26.6673
26.6852
26.7103
26.6135
26.7053
26.4665
26.4436
26.5354
26.3353
26.176
25.92
25.9767
25.8275
25.9767
25.8727
25.5801
25.6798
25.6991
25.745
25.5399
25.4947
25.0128
24.9052
24.8062
24.7338
24.7811
24.9253
24.9497
24.9999
24.6226
24.1364
23.7699
23.5052
-999
-999
-999
-999
-999
-999
-999
-999
-999
-999
-999
-999
-999
-999
-999
-999
-999
-999
-999
-999
-999
-999
-999
-999
-999
-999
-999
-999
-999
-999
-999
-999
28.1641
28.1103
28.0802
28.1562
28.1634
28.2423
28.3047
28.3448
28.2172
28.2788
28.1777
28.0501
28.0924
28.2301
27.8091
27.7553
27.9303
27.8127
27.8751
27.9152
27.9747
26.9599
27.6886
27.9597
27.8743
27.7703
27.8435
27.8901
27.779
27.865
27.7374
27.7417
27.7001
27.7323
27.7252
27.7015
27.6047
27.723
27.6427
27.5071
27.5308
27.5824
27.5215
27.4082
27.0252
27.0532
26.8452
27.0503
26.7484
26.8301
26.7319
26.8
26.7699
26.7261
26.6731
26.6035
26.5934
26.6229
26.6336
26.4938
26.63
26.3819
26.4801
26.3647
26.265
25.9272
25.8849
25.9516
25.8447
25.9767
25.6267
25.7665
25.6984
25.8153
25.7285
25.5614
25.4947
25.2373
25.0931
24.7797
24.9561
24.936
25.0429
24.9497
24.9855
24.6936
24.079
23.6953
23.8502
-999
-999
-999
-999
-999
-999
-999
-999
-999
-999
-999
-999
-999
-999
-999
-999
-999
-999
-999
-999
-999
-999
-999
-999
-999
-999
-999
-999
-999
-999
-999
-999
-999
-999
-999
28.1877
28.2903
28.3047
28.2501
28.4072
28.3785
28.3197
28.3685
28.3226
28.3362
28.3627
28.0536
28.03
28.1211
27.7747
28.0752
27.827
27.8951
27.0403
27.7732
27.8449
27.8743
27.7947
27.9726
27.8872
27.9109
27.9382
27.7288
27.8198
27.7589
27.8033
27.766
27.7323
27.6413
27.624
27.5681
27.5358
27.6111
27.5408
27.5215
27.4153
27.1701
26.9728
27.0051
27.0503
26.635
26.8502
26.7426
26.7527
26.7147
26.7426
26.6809
26.6264
26.5024
26.5253
26.62
26.3051
26.4801
26.313
26.2736
26.1036
26.265
25.854
25.9838
25.8978
25.8397
25.8935
25.75
25.7852
25.7952
25.8296
25.6862
25.5227
25.4897
25.3957
25.3384
25.0465
25.0185
24.9411
25.0113
24.9461
25.0881
24.7173
24.0302
23.6286
23.6401
-999
-999
-999
-999
-999
-999
-999
-999
-999
-999
-999
-999
-999
-999
-999
-999
-999
-999
-999
-999
-999
-999
-999
-999
-999
-999
-999
-999
-999
-999
-999
-999
-999
-999
-999
-999
-999
-999
-999
-999
28.3785
28.4631
28.4266
28.4459
28.3627
28.4438
28.3018
28.3097
28.1211
28.1203
28.2652
28.1748
27.7926
27.7316
27.85
27.8069
27.865
27.6499
27.8299
28.0235
27.9719
28.0092
27.855
27.9152
27.7675
27.8048
27.7266
27.7632
27.6664
27.6534
27.6326
27.6958
27.5989
27.5566
27.5236
27.297
27.1873
26.9786
27.0503
27.0152
26.7003
26.7799
26.7347
26.8896
26.7613
26.6903
26.5397
26.5777
26.493
26.4873
26.3833
26.3051
26.2435
26.0175
26.1301
26.0828
25.9465
25.7866
26.0025
25.8002
25.9415
25.8619
25.7852
25.7852
25.7465
25.6102
25.5901
25.4919
25.4567
25.3972
25.3384
25.0737
25.0364
25.045
25.0788
25.0063
25.1017
24.7173
24.1213
23.5691
23.5497
-999
-999
-999
-999
-999
-999
-999
-999
-999
-999
-999
-999
-999
-999
-999
-999
-999
-999
-999
-999
-999
-999
-999
-999
-999
-999
-999
-999
-999
-999
-999
-999
-999
-999
-999
-999
-999
-999
-999
-999
-999
-999
-999
28.4753
28.39
-999
28.3412
28.3369
28.205
28.1999
28.1713
28.205
27.1399
28.0515
27.9159
27.8249
27.8435
27.6986
27.7797
27.9303
28.0486
28.0092
27.9747
27.931
27.7969
27.8299
27.7194
27.7861
27.6764
27.6563
27.5853
27.6549
27.5767
27.4899
27.4949
27.2066
27.0725
27.0331
27.0152
27.0216
26.8896
26.8065
26.8825
26.8402
26.7225
26.6802
26.5397
26.6652
26.4701
26.445
26.232
26.1574
26.0764
25.9422
26.0097
25.9953
25.8648
25.8239
25.905
25.7601
25.8849
25.8397
25.7264
25.7852
25.6747
25.5478
25.4323
25.3886
25.3699
25.352
25.1275
24.9984
25.1361
25.1368
25.0895
25.0587
24.898
24.7553
23.9499
23.4852
23.3977
22.8648
-999
-999
-999
-999
-999
-999
-999
-999
-999
-999
-999
-999
-999
-999
-999
-999
-999
-999
-999
-999
-999
-999
-999
-999
-999
-999
-999
-999
-999
-999
-999
-999
-999
-999
-999
-999
-999
-999
-999
-999
-999
-999
-999
-999
-999
-999
-999
28.1074
28.2129
28.1548
28.1297
27.0503
28.0515
28.04
28.0042
27.7201
27.7582
27.9575
27.9439
28.1275
28.0386
28.0142
27.979
27.8399
27.6664
27.7194
27.7998
27.7589
27.7868
27.6032
27.6549
27.5287
27.4648
27.4447
27.0847
27.0725
26.9814
26.985
26.932
26.8301
26.8065
26.8681
26.8129
26.6802
26.5999
26.625
26.6523
26.5576
26.4952
26.232
26.1
25.9874
25.948
25.6998
25.7701
25.7902
25.73
25.905
25.6525
25.75
25.7393
25.7335
25.7084
25.6819
25.3398
25.4115
25.3957
25.4194
25.4474
25.1275
24.9568
25.0228
25.1741
24.974
25.0278
24.7159
24.4527
23.9513
23.4852
23.3632
23.09
-999
-999
-999
-999
-999
-999
-999
-999
-999
-999
-999
-999
-999
-999
-999
-999
-999
-999
-999
-999
-999
-999
-999
-999
-999
-999
-999
-999
-999
-999
-999
-999
-999
-999
-999
-999
-999
-999
-999
-999
-999
-999
-999
-999
-999
-999
-999
28.2301
28.1849
-999
28.1999
27.8786
28.1863
28.1648
28.0952
28.0501
27.9862
28.1203
27.9998
28.1003
28.0522
28.0615
27.8887
27.8084
27.6915
27.6362
27.642
27.5552
27.7036
27.5251
27.5401
27.4189
27.4749
27.1249
27.0632
27.0202
26.9528
27.1199
26.8703
26.9026
26.7763
26.97
26.5999
26.6501
26.6852
26.5547
26.5798
26.5949
26.6099
26.3647
26.0398
25.8526
25.948
25.8476
25.8591
25.6353
25.6848
25.7199
25.5248
25.5299
25.5614
25.6073
25.6102
25.588
25.3398
25.253
25.6066
25.5184
25.3864
25.2165
24.8299
25.0228
25.1003
24.9353
24.9353
24.5029
24.2232
23.6437
23.397
23.1251
23.0298
-999
-999
-999
-999
-999
-999
-999
-999
-999
-999
-999
-999
-999
-999
-999
-999
-999
-999
-999
-999
-999
-999
-999
-999
-999
-999
-999
-999
-999
-999
-999
-999
-999
-999
-999
-999
-999
-999
-999
-999
-999
-999
-999
-999
-999
-999
-999
-999
-999
-999
-999
-999
28.2953
28.1548
28.1626
28.0027
28.1203
28.1203
28.1153
28.1117
27.9998
28.1031
27.9597
27.8535
27.7962
27.6219
27.4777
27.548
27.5903
27.5315
27.5365
27.3838
27.4225
27.0775
27.1364
27.0438
27.0532
27.0575
26.9198
27.0123
26.8452
26.805
26.5949
26.6623
26.5683
26.5397
26.4349
26.5103
26.5597
26.3173
25.9702
25.8024
25.8963
25.8899
25.7199
25.6697
25.7099
25.7049
25.7249
25.6023
25.4754
25.4797
25.5923
25.6001
25.2996
25.4675
25.4209
25.4603
25.215
25.1203
24.6649
24.7151
24.9002
24.5652
24.5947
24.1084
23.9399
23.4923
23.3417
23.1524
23.0298
-999
-999
-999
-999
-999
-999
-999
-999
-999
-999
-999
-999
-999
-999
-999
-999
-999
-999
-999
-999
-999
-999
-999
-999
-999
-999
-999
-999
-999
-999
-999
-999
-999
-999
-999
-999
-999
-999
-999
-999
-999
-999
-999
-999
-999
-999
-999
-999
-999
-999
-999
-999
-999
-999
-999
28.1999
28.1182
28.1081
28.1103
28.1175
28.0816
28.0572
27.9597
27.9152
27.784
27.7173
27.4612
27.5036
27.5028
27.472
27.5265
27.4175
27.4577
27.1973
27.084
27.0553
27.3902
27.1428
26.9047
27.0202
26.8624
26.9972
26.5949
26.7103
26.6723
26.5052
26.3647
26.5103
26.4149
26.2614
26.0226
25.9028
25.8397
25.7185
25.6109
25.4668
25.555
25.6152
25.5801
25.6023
25.7199
25.5923
25.5851
25.5076
25.4653
25.5234
25.4209
25.4703
25.177
25.04
24.8026
24.5868
24.6226
24.5652
24.297
23.8452
23.7053
23.384
23.3181
23.2299
23.0319
-999
-999
-999
-999
-999
-999
-999
-999
-999
-999
-999
-999
-999
-999
-999
-999
-999
-999
-999
-999
-999
-999
-999
-999
-999
-999
-999
-999
-999
-999
-999
-999
-999
-999
-999
-999
-999
-999
-999
-999
-999
-999
-999
-999
-999
-999
-999
-999
-999
-999
-999
-999
-999
-999
-999
-999
-999
28.215
28.1203
-999
28.144
28.0651
27.9726
27.903
27.8621
27.7675
27.5588
27.5036
27.4727
27.5703
27.4813
27.5186
27.4577
27.2719
27.302
27.0001
27.3623
27.1428
27.15
27.0876
26.9822
27.0022
26.79
26.8911
26.8065
26.62
26.2026
26.3274
26.2313
26.1251
25.8899
25.8698
25.7802
25.5148
25.6109
25.4151
25.5141
25.5248
25.5822
25.4703
25.5585
25.5499
25.4517
25.4087
25.4603
25.3448
25.3061
25.2401
24.9152
25.0121
24.5452
24.3228
24.2683
24.2719
23.8222
23.7649
23.6315
23.374
23.3152
23.2119
23.0448
22.8268
-999
-999
-999
-999
-999
-999
-999
-999
-999
-999
-999
-999
-999
-999
-999
-999
-999
-999
-999
-999
-999
-999
-999
-999
-999
-999
-999
-999
-999
-999
-999
-999
-999
-999
-999
-999
-999
-999
-999
-999
-999
-999
-999
-999
-999
-999
-999
-999
-999
-999
-999
-999
-999
-999
-999
-999
-999
-999
-999
-999
-999
27.969
27.9331
27.855
27.7022
27.5602
27.5401
27.4627
27.5674
27.467
27.5452
27.4139
27.4168
27.4347
27.3365
27.4426
27.2375
27.2999
27.2497
27.1851
27.0051
26.8323
26.9398
26.7347
26.6817
26.105
26.1603
26.085
26.0226
25.8081
25.8289
25.5951
25.3448
25.385
25.2953
25.1598
25.4366
25.39
25.4517
25.4797
25.5499
25.2688
25.22
25.3914
25.2523
25.1899
25.2121
24.9152
24.8048
24.3981
24.3903
23.965
24.1235
23.9528
23.7649
23.5526
23.3303
23.265
23.1388
23.1531
22.8598
-999
-999
-999
-999
-999
-999
-999
-999
-999
-999
-999
-999
-999
-999
-999
-999
-999
-999
-999
-999
-999
-999
-999
-999
-999
-999
-999
-999
-999
-999
-999
-999
-999
-999
-999
-999
-999
-999
-999
-999
-999
-999
-999
-999
-999
-999
-999
-999
-999
-999
-999
-999
-999
-999
-999
-999
-999
-999
-999
-999
-999
-999
-999
-999
-999
-999
27.5452
27.5631
27.5997
27.5301
27.5351
27.4447
27.3773
27.3551
27.4003
27.3472
27.2963
27.335
27.2999
27.2784
27.1148
26.8753
26.97
26.8251
26.5174
26.3252
26.1703
26.095
26.0226
25.8375
25.6123
25.1899
25.2824
25.2803
25.3549
25.2251
25.3161
25.1799
25.1949
25.1548
25.1784
25.0838
25.1297
25.1526
25.2401
25.035
24.9991
24.7696
24.5251
24.5014
24.3257
24.0231
24.1048
23.7986
23.7828
23.4766
23.3518
23.1416
23.1703
23.2578
23.0448
-999
-999
-999
-999
-999
-999
-999
-999
-999
-999
-999
-999
-999
-999
-999
-999
-999
-999
-999
-999
-999
-999
-999
-999
-999
-999
-999
-999
-999
-999
-999
-999
-999
-999
-999
-999
-999
-999
-999
-999
-999
-999
-999
-999
-999
-999
-999
-999
-999
-999
-999
-999
-999
-999
-999
-999
-999
-999
-999
-999
-999
-999
-999
-999
-999
-999
-999
-999
-999
27.4519
27.4153
27.4899
27.4928
27.2052
27.2403
27.0998
27.3601
27.3673
27.2999
27.3852
26.9026
27.0001
26.9198
26.8251
26.7053
26.5203
26.2399
26.0929
26.0118
25.8899
25.6948
25.1949
25.451
25.4216
25.3448
25.2251
25.4581
25.2839
24.9124
24.9289
24.8299
25.0501
24.8822
24.9748
24.7202
25.0551
24.5552
24.335
24.3487
24.3286
24.0553
23.8552
24.1098
23.7749
23.6186
23.3575
23.3518
23.0577
23.1603
23.2901
23.2184
23.3503
-999
-999
-999
-999
-999
-999
-999
-999
-999
-999
-999
-999
-999
-999
-999
-999
-999
-999
-999
-999
-999
-999
-999
-999
-999
-999
-999
-999
-999
-999
-999
-999
-999
-999
-999
-999
-999
-999
-999
-999
-999
-999
-999
-999
-999
-999
-999
-999
-999
-999
-999
-999
-999
-999
-999
-999
-999
-999
-999
-999
-999
-999
-999
-999
-999
-999
-999
-999
-999
-999
27.3902
27.4598
27.2052
27.4949
27.2597
27.2898
27.1701
27.1199
27.2274
27.0252
26.9678
26.7849
26.8896
26.8
26.4852
26.3001
26.0003
26.0097
25.915
25.8576
-999
25.7135
25.2451
25.5521
25.3348
25.5966
25.3706
25.0909
24.7553
24.7775
24.8851
24.8822
24.7847
24.5947
24.3551
23.9822
24.0847
23.9399
24.3286
24.3028
23.7828
23.8373
23.7434
23.615
23.4077
23.3338
23.0886
22.9501
23.0441
22.7881
23.3948
-999
-999
-999
-999
-999
-999
-999
-999
-999
-999
-999
-999
-999
-999
-999
-999
-999
-999
-999
-999
-999
-999
-999
-999
-999
-999
-999
-999
-999
-999
-999
-999
-999
-999
-999
-999
-999
-999
-999
-999
-999
-999
-999
-999
-999
-999
-999
-999
-999
-999
-999
-999
-999
-999
-999
-999
-999
-999
-999
-999
-999
-999
-999
-999
-999
-999
-999
-999
-999
-999
-999
-999
27.5201
27.325
27.2597
27.2862
27.1012
27.0948
27.0725
26.9477
27.1399
26.8351
26.8459
26.4299
26.3647
26.2119
26.1552
25.8748
26.0548
25.8576
25.7959
25.768
25.4797
25.646
25.4976
25.5126
25.1498
25.0752
24.7051
24.7037
24.68
24.6449
24.675
24.6241
24.5459
24.2863
24.0231
23.7197
24.0116
24.0352
23.8502
23.6516
23.6652
23.7512
23.2922
23.3052
22.8698
22.9501
22.7981
22.6826
23.0197
23.0448
-999
-999
-999
-999
-999
-999
-999
-999
-999
-999
-999
-999
-999
-999
-999
-999
-999
-999
-999
-999
-999
-999
-999
-999
-999
-999
-999
-999
-999
-999
-999
-999
-999
-999
-999
-999
-999
-999
-999
-999
-999
-999
-999
-999
-999
-999
-999
-999
-999
-999
-999
-999
-999
-999
-999
-999
-999
-999
-999
-999
-999
-999
-999
-999
-999
-999
-999
-999
-999
-999
-999
-999
-999
-999
-999
-999
27.0775
27.0101
27.0553
26.9721
26.8373
26.8251
26.5282
26.3647
26.1847
26.2334
26.1552
26.1452
26.0348
25.9006
25.8253
25.7185
25.4302
25.5629
25.4273
25.1498
24.7653
24.6111
24.6778
24.5351
24.5703
24.6219
24.6241
24.5609
24.434
23.9148
23.61
23.9901
24.0553
23.8502
23.3303
23.5648
23.6501
23.2872
23.0549
22.8985
22.8497
22.6891
22.6102
22.9623
23.0448
-999
-999
-999
-999
-999
-999
-999
-999
-999
-999
-999
-999
-999
-999
-999
-999
-999
-999
-999
-999
-999
-999
-999
-999
-999
-999
-999
-999
-999
-999
-999
-999
-999
-999
-999
-999
-999
-999
-999
-999
-999
-999
-999
-999
-999
-999
-999
-999
-999
-999
-999
-999
-999
-999
-999
-999
-999
-999
-999
-999
-999
-999
-999
-999
-999
-999
-999
-999
-999
-999
-999
-999
-999
-999
-999
-999
-999
-999
27.0553
26.8559
26.5899
26.6802
26.549
26.3998
26.3776
26.4249
26.0699
26.1
26.0599
25.9315
25.8253
25.6547
25.5837
25.461
25.2186
25.0773
24.8435
24.5652
24.6951
24.5753
24.4849
24.4627
24.4297
24.4397
24.3472
24.2052
23.62
23.7993
23.8101
23.8574
23.6049
23.4048
23.6838
23.5497
23.1051
22.9566
23.1051
22.6697
22.6102
22.692
22.7752
-999
-999
-999
-999
-999
-999
-999
-999
-999
-999
-999
-999
-999
-999
-999
-999
-999
-999
-999
-999
-999
-999
-999
-999
-999
-999
-999
-999
-999
-999
-999
-999
-999
-999
-999
-999
-999
-999
-999
-999
-999
-999
-999
-999
-999
-999
-999
-999
-999
-999
-999
-999
-999
-999
-999
-999
-999
-999
-999
-999
-999
-999
-999
-999
-999
-999
-999
-999
-999
-999
-999
-999
-999
-999
-999
-999
-999
-999
-999
-999
-999
26.7247
26.5052
26.5798
26.4278
26.4149
26.1753
26.0929
25.9552
25.953
25.6948
25.6941
25.2502
25.3427
24.9676
24.8249
24.7761
24.5652
24.3953
24.3501
24.5452
24.6198
24.4347
24.145
24.3472
24.1572
23.7799
23.8402
23.7197
23.9047
23.8222
23.4048
23.5002
23.7003
22.9953
22.8548
23.0348
22.6798
22.6697
22.7099
22.7752
22.92
-999
-999
-999
-999
-999
-999
-999
-999
-999
-999
-999
-999
-999
-999
-999
-999
-999
-999
-999
-999
-999
-999
-999
-999
-999
-999
-999
-999
-999
-999
-999
-999
-999
-999
-999
-999
-999
-999
-999
-999
-999
-999
-999
-999
-999
-999
-999
-999
-999
-999
-999
-999
-999
-999
-999
-999
-999
-999
-999
-999
-999
-999
-999
-999
-999
-999
-999
-999
-999
-999
-999
-999
-999
-999
-999
-999
-999
-999
-999
-999
-999
-999
-999
-999
26.4149
26.2047
-999
25.925
25.8512
25.7027
25.4897
25.3585
25.2215
24.8378
24.5703
24.5853
24.5193
24.5186
24.3264
24.5251
24.4799
24.2748
24.1048
24.1651
24.2002
23.8653
23.7398
23.7053
23.6351
23.8136
23.6695
23.5052
23.445
23.156
22.9035
22.6848
22.6927
22.5973
22.6869
22.7601
22.8383
22.8677
-999
-999
-999
-999
-999
-999
-999
-999
-999
-999
-999
-999
-999
-999
-999
-999
-999
-999
-999
-999
-999
-999
-999
-999
-999
-999
-999
-999
-999
-999
-999
-999
-999
-999
-999
-999
-999
-999
-999
-999
-999
-999
-999
-999
-999
-999
-999
-999
-999
-999
-999
-999
-999
-999
-999
-999
-999
-999
-999
-999
-999
-999
-999
-999
-999
-999
-999
-999
-999
-999
-999
-999
-999
-999
-999
-999
-999
-999
-999
-999
-999
-999
-999
-999
-999
-999
-999
-999
25.5894
25.4775
25.3585
25.1275
24.6821
24.7001
24.5889
24.5265
24.3752
24.2949
24.4598
24.2726
24.3759
24.1299
24.2224
23.7749
23.6551
23.6702
23.625
23.7649
23.8438
23.5483
23.3747
23.445
23.1137
22.8124
22.712
22.5299
22.5801
22.6547
22.8748
22.8691
22.8677
22.4001
-999
-999
-999
-999
-999
-999
-999
-999
-999
-999
-999
-999
-999
-999
-999
-999
-999
-999
-999
-999
-999
-999
-999
-999
-999
-999
-999
-999
-999
-999
-999
-999
-999
-999
-999
-999
-999
-999
-999
-999
-999
-999
-999
-999
-999
-999
-999
-999
-999
-999
-999
-999
-999
-999
-999
-999
-999
-999
-999
-999
-999
-999
-999
-999
-999
-999
-999
-999
-999
-999
-999
-999
-999
-999
-999
-999
-999
-999
-999
-999
-999
-999
-999
-999
-999
-999
-999
-999
-999
25.2301
25.0199
24.7151
24.7517
24.4397
24.4885
24.4175
24.2949
24.2726
24.1952
24.4189
24.1651
24.0403
23.9198
23.6551
23.3475
23.5748
23.6774
23.7025
23.6623
23.3102
23.6049
23.1072
22.8598
22.5765
22.5098
22.6202
22.5772
22.7034
22.6116
22.783
-999
-999
-999
-999
-999
-999
-999
-999
-999
-999
-999
-999
-999
-999
-999
-999
-999
-999
-999
-999
-999
-999
-999
-999
-999
-999
-999
-999
-999
-999
-999
-999
-999
-999
-999
-999
-999
-999
-999
-999
-999
-999
-999
-999
-999
-999
-999
-999
-999
-999
-999
-999
-999
-999
-999
-999
-999
-999
-999
-999
-999
-999
-999
-999
-999
-999
-999
-999
-999
-999
-999
-999
-999
-999
-999
-999
-999
-999
-999
-999
-999
-999
-999
-999
-999
-999
-999
-999
-999
-999
-999
-999
-999
24.6348
24.5
24.5
24.16
24.3114
24.3522
24.2275
24.1701
24.0647
24.1722
23.9399
23.4952
23.4328
23.5648
23.5304
23.7297
23.6602
23.4845
23.4048
22.8849
22.8598
22.5837
22.6532
22.6468
22.6202
22.5449
22.4252
22.6353
22.7522
-999
-999
-999
-999
-999
-999
-999
-999
-999
-999
-999
-999
-999
-999
-999
-999
-999
-999
-999
-999
-999
-999
-999
-999
-999
-999
-999
-999
-999
-999
-999
-999
-999
-999
-999
-999
-999
-999
-999
-999
-999
-999
-999
-999
-999
-999
-999
-999
-999
-999
-999
-999
-999
-999
-999
-999
-999
-999
-999
-999
-999
-999
-999
-999
-999
-999
-999
-999
-999
-999
-999
-999
-999
-999
-999
-999
-999
-999
-999
-999
-999
-999
-999
-999
-999
-999
-999
-999
-999
-999
-999
-999
-999
-999
24.505
24.2547
24.3824
24.1952
24.2275
24.0302
24.0166
24.0467
23.7749
23.7276
23.4328
23.5648
23.5633
23.7089
23.5798
23.4823
23.1796
23.0828
22.8325
22.6848
22.6532
22.6877
22.7701
22.4675
22.5277
22.7034
22.8254
-999
-999
-999
-999
-999
-999
-999
-999
-999
-999
-999
-999
-999
-999
-999
-999
-999
-999
-999
-999
-999
-999
-999
-999
-999
-999
-999
-999
-999
-999
-999
-999
-999
-999
-999
-999
-999
-999
-999
-999
-999
-999
-999
-999
-999
-999
-999
-999
-999
-999
-999
-999
-999
-999
-999
-999
-999
-999
-999
-999
-999
-999
-999
-999
-999
-999
-999
-999
-999
-999
-999
-999
-999
-999
-999
-999
-999
-999
-999
-999
-999
-999
-999
-999
-999
-999
-999
-999
-999
-999
-999
-999
-999
-999
-999
-999
-999
-999
24.0998
24.1091
-999
23.7649
23.6551
23.5153
23.4801
23.4902
23.5052
23.6702
23.4572
23.6451
23.1302
23.0907
22.6948
22.7802
22.74
22.7551
22.6747
22.6267
22.6102
22.5751
22.7472
-999
-999
-999
-999
-999
-999
-999
-999
-999
-999
-999
-999
-999
-999
-999
-999
-999
-999
-999
-999
-999
-999
-999
-999
-999
-999
-999
-999
-999
-999
-999
-999
-999
-999
-999
-999
-999
-999
-999
-999
-999
-999
-999
-999
-999
-999
-999
-999
-999
-999
-999
-999
-999
-999
-999
-999
-999
-999
-999
-999
-999
-999
-999
-999
-999
-999
-999
-999
-999
-999
-999
-999
-999
-999
-999
-999
-999
-999
-999
-999
-999
-999
-999
-999
-999
-999
-999
-999
-999
-999
-999
-999
-999
-999
-999
-999
-999
-999
-999
-999
-999
-999
-999
23.4651
23.412
23.4873
23.5999
23.6702
23.5347
23.5698
23.0699
23.1653
22.9028
22.9301
22.8899
22.7952
22.6747
22.74
22.8576
22.56
22.7902
22.8282
-999
-999
-999
-999
-999
-999
-999
-999
-999
-999
-999
-999
-999
-999
-999
-999
-999
-999
-999
-999
-999
-999
-999
-999
-999
-999
-999
-999
-999
-999
-999
-999
-999
-999
-999
-999
-999
-999
-999
-999
-999
-999
-999
-999
-999
-999
-999
-999
-999
-999
-999
-999
-999
-999
-999
-999
-999
-999
-999
-999
-999
-999
-999
-999
-999
-999
-999
-999
-999
-999
-999
-999
-999
-999
-999
-999
-999
-999
-999
-999
-999
-999
-999
-999
-999
-999
-999
-999
-999
-999
-999
-999
-999
-999
-999
-999
-999
-999
-999
-999
-999
-999
-999
-999
23.4386
23.5103
23.6853
23.4751
23.5052
23.2714
23.09
22.8849
22.976
22.8777
22.9552
23.0183
22.9451
22.8397
22.6898
22.9351
22.7199
22.8476
-999
-999
-999
-999
-999
-999
-999
-999
-999
-999
-999
-999
-999
-999
-999
-999
-999
-999
-999
-999
-999
-999
-999
-999
-999
-999
-999
-999
-999
-999
-999
-999
-999
-999
-999
-999
-999
-999
-999
-999
-999
-999
-999
-999
-999
-999
-999
-999
-999
-999
-999
-999
-999
-999
-999
-999
-999
-999
-999
-999
-999
-999
-999
-999
-999
-999
-999
-999
-999
-999
-999
-999
-999
-999
-999
-999
-999
-999
-999
-999
-999
-999
-999
-999
-999
-999
-999
-999
-999
-999
-999
-999
-999
-999
-999
-999
-999
-999
-999
-999
-999
-999
-999
-999
-999
23.6709
23.4852
23.5052
23.255
23.09
22.9351
23.0412
22.8397
23.0972
22.9451
23.1008
22.8397
22.9272
23.0599
22.6898
22.8426
-999
-999
-999
-999
-999
-999
-999
-999
-999
-999
-999
-999
-999
-999
-999
-999
-999
-999
-999
-999
-999
-999
-999
-999
-999
-999
-999
-999
-999
-999
-999
-999
-999
-999
-999
-999
-999
-999
-999
-999
-999
-999
-999
-999
-999
-999
-999
-999
-999
-999
-999
-999
-999
-999
-999
-999
-999
-999
-999
-999
-999
-999
-999
-999
-999
-999
-999
-999
-999
-999
-999
-999
-999
-999
-999
-999
-999
-999
-999
-999
-999
-999
-999
-999
-999
-999
-999
-999
-999
-999
-999
-999
-999
-999
-999
-999
-999
-999
-999
-999
-999
-999
-999
-999
-999
-999
-999
23.6652
-999
23.09
23.0025
-999
22.92
23.1051
22.9824
23.1051
23.0886
23.0613
23.0599
22.8275
22.8698
22.7199
-999
-999
-999
-999
-999
-999
-999
-999
-999
-999
-999
-999
-999
-999
-999
-999
-999
-999
-999
-999
-999
-999
